1.0873e+08
1.04387e+08
9.95895e+07
9.66656e+07
9.46767e+07
8.96259e+07
9.14653e+07
8.44646e+07
8.23776e+07
8.12021e+07
7.82176e+07
7.57543e+07
7.54863e+07
7.25927e+07
7.0081e+07
6.68258e+07
6.47668e+07
6.46646e+07
6.1798e+07
5.98432e+07
5.64845e+07
5.4564e+07
5.47084e+07
5.2755e+07
4.97049e+07
4.85687e+07
4.70817e+07
4.68739e+07
4.36067e+07
4.28677e+07
4.09754e+07
4.07843e+07
3.92722e+07
3.788e+07
3.5637e+07
3.45466e+07
3.2235e+07
3.27258e+07
3.05125e+07
2.9216e+07
2.79215e+07
2.73088e+07
2.681e+07
2.57041e+07
2.47836e+07
2.33171e+07
2.3456e+07
2.3034e+07
2.13247e+07
2.15019e+07
2.05527e+07
2.01699e+07
1.90426e+07
1.82059e+07
1.80884e+07
1.74949e+07
1.63697e+07
1.62955e+07
1.60701e+07
1.52597e+07
1.49454e+07
1.45814e+07
1.32257e+07
1.34863e+07
1.316e+07
1.29963e+07
1.18564e+07
1.22901e+07
1.19829e+07
1.18592e+07
1.11416e+07
1.07409e+07
1.0468e+07
1.02691e+07
9.56761e+06
9.6236e+06
9.51582e+06
8.95422e+06
8.9404e+06
7.93733e+06
8.49562e+06
8.16906e+06
7.88932e+06
7.5984e+06
7.31894e+06
7.10295e+06
7.1175e+06
7.08317e+06
6.49832e+06
6.64843e+06
6.2203e+06
6.2397e+06
6.17121e+06
5.84526e+06
5.57008e+06
5.62836e+06
5.33086e+06
5.29432e+06
5.2946e+06
5.06249e+06
4.90875e+06
4.67207e+06
4.63993e+06
4.50457e+06
4.42314e+06
4.14141e+06
4.15018e+06
4.06801e+06
3.8029e+06
3.84244e+06
3.74073e+06
3.62576e+06
3.53461e+06
3.41477e+06
3.37997e+06
3.27286e+06
3.16335e+06
3.12046e+06
2.98912e+06
2.90438e+06
2.90282e+06
2.72091e+06
2.62518e+06
2.63153e+06
2.56206e+06
2.50166e+06
2.42625e+06
2.41309e+06
2.31623e+06
2.24398e+06
2.19562e+06
2.0938e+06
2.07352e+06
2.03461e+06
1.87135e+06
1.88874e+06
1.83797e+06
1.80507e+06
1.72846e+06
1.74079e+06
1.71967e+06
1.66075e+06
1.56274e+06
1.60854e+06
1.52455e+06
1.51908e+06
1.45511e+06
1.45115e+06
1.40029e+06
1.38735e+06
1.33045e+06
1.2721e+06
1.29148e+06
1.24034e+06
1.23797e+06
1.21998e+06
1.21196e+06
1.15234e+06
1.11499e+06
1.1049e+06
1.02999e+06
1.06193e+06
1.04723e+06
1.0177e+06
995032
959053
905664
920611
909101
876481
866474
850391
828755
815641
800663
760653
773124
752122
726767
729789
704677
693890
680795
677528
657897
633019
634185
605333
600058
592989
583753
578070
573594
553791
536793
536304
519016
518359
497577
502066
496279
465784
471550
461534
453966
431100
429434
436055
422492
420749
415947
405511
399205
390998
381225
349349
376301
364719
355278
351237
350977
340419
328004
325590
327971
310517
309892
315225
308388
301553
301597
283651
295326
286677
280481
276468
265197
262045
262008
258817
257175
254396
246876
245813
244119
235041
234544
232094
229381
227300
226502
221906
220843
214912
213545
210455
208986
200058
201657
198266
196839
197212
192879
189301
184092
180780
180159
183420
177106
177493
174327
171907
169621
169648
166482
166007
163451
162936
159246
158828
155872
157149
153226
155133
151489
148886
149528
145870
145867
144998
143614
143130
139252
139987
138902
136364
133749
136321
134008
134543
131178
131929
127586
129481
128453
127019
125593
123287
124239
119602
122650
121565
119909
117534
117081
116803
117127
113744
114239
113653
113760
111641
110735
110890
109247
108319
107646
108033
106265
106375
105227
104783
104492
102816
102711
102668
100948
101583
98761.1
99663.9
98843.5
98115.7
97315.5
97932
97525.6
96233.6
95851.6
96038.2
94182.6
93363.7
94041.2
93500.8
93109.5
92737.7
92095.4
91585.3
90759.2
91062.4
89542
89139.7
89353.9
87408.7
88256.4
88316.2
87144.5
87072.7
87003.4
85627.8
85929.8
85015.5
84099.7
85029.5
84269.5
84187.9
83879.4
83152.9
82052.2
81642.4
82014.2
81847.5
81508.7
81369.8
80801
79752.8
80255.4
79902.1
80081.7
78345.2
79728.1
78753.6
79213
77783.8
77789.9
78142.9
78066.3
77609.8
76527.5
76843.2
76198.2
77091
76859.8
75999.9
75232.7
75090.2
75467.8
74521.8
74769.9
74207
74582.4
74528.4
74359.8
73833.9
73846.8
73622.6
73331.8
73494.4
73454.4
72551.1
72609.8
72676.5
72375.1
71883.8
71702.9
72088.3
71655.5
71311.7
71635.6
71206.4
70951.7
70179.4
70109.3
70437.1
70355.5
70332.5
70179.1
69998.5
69587.9
68652
69222.9
69796.4
68831.7
68511.7
68651.5
68807.4
68700.7
68018.9
68518.1
68299.9
67620.6
67813.8
68503.7
68087.8
67669.3
67907.4
67342.5
67231
67247.8
67257.7
67029.5
67002.3
66552.1
66697
66631.6
66532.7
65911
65746.1
65908.1
65702.7
65890.4
65700.3
65176.4
65239.8
65267.2
65203.2
65430.1
65309.3
64436.7
64823.8
64808.4
64775.1
64776.9
64209.2
64280.7
63734.5
64488.1
64409.4
63463.5
64126.6
63510.9
63716.8
63613.6
63901.8
63066.2
63596.5
63383.8
62979.2
63159.6
62689.9
62752.6
62977.3
62709.7
62436.4
62452.7
62856
62497.9
62744.9
62238.3
61623.8
62060.3
61790.3
61377.2
61591.2
61330.1
61834.6
61381.6
61084.3
60698.3
61466.9
61182.7
61254.2
61041.1
61077.7
60910
61223
60821.1
61069.7
60736.9
60508
60366.6
60588
60432.7
60304.9
60195.7
60364.8
59987.9
59712.5
59967.9
59952.7
60195.8
59217
59408.1
59795.7
59802.4
59638.5
59005.5
59404.2
59106.8
59727
59581.3
59449.4
59367.9
59553.5
59573.8
59117.3
59200.8
58748.8
59023.3
58704.1
58703.4
58759.9
58850.1
58250.9
58683.7
58673.9
58561.6
58698.5
58491.7
58416.3
58207.1
58471.5
58414.3
58430.3
57835
58119.5
58086.6
58234.9
57958.3
58082.5
58010.2
58090
57908.1
57766.9
57743.8
57969.4
57807.5
57621.3
57589.2
57257
57752.6
57507.2
57456.3
57203.1
57359.9
57362
57405.4
57353.1
57184.3
57258.1
56992.5
56789.6
57117.8
56898.5
56688.9
56996.3
56952.4
56854.8
56756.7
56738
56406.6
56466.6
56390.4
56663.2
56438.4
56455.5
56191.2
56026.3
55931.1
56123.3
55985.6
55978.8
55560.3
56131
56225.4
55918.6
55990.2
55849.2
55883.1
56130.7
55883.4
55601.4
55611.2
55704.7
55450.4
55721.4
55685.4
55657.2
55680.8
55678.3
55512
55514.6
55141
55468.6
55346.8
55087.1
55366
55260.4
55069.1
55127.3
55237.8
55355.6
55100.3
54962.5
54865
54872.2
55151.7
54942.5
54910.4
54586.3
54920.4
54783
54484.2
54473.9
54736
54753.1
54553.9
54619
54691.3
54558.1
54581.8
54469.6
54453.3
54235.9
54293.8
54310.2
54349.1
54252
54155.2
54061.6
53988.8
54095.7
54226.4
53999.6
54220.7
54059.8
53905.9
53563
53691.2
53723.3
54000.1
53933.7
53887.6
53650
53851
53714
53809.9
53580.3
53661
53744.8
53517.5
53494.2
53554.2
53598.9
53159.9
53358
53487.2
53194.8
53156.1
53379
53310.9
53310.9
53214.3
53070.6
53336.7
53255.2
53072.9
53293.6
52999.7
53076.6
52768.1
53036.9
53051.3
52935
52744.7
53037.2
52940.6
52520.1
53068.6
52825.4
52556.5
52580.1
52951.1
52909.8
52821.3
52914
52835.7
52736.2
52730.2
52545.6
52642.6
52594.5
52545.7
52713.1
52440.9
52599.7
52448.7
52329.1
52527.5
52508.4
52496.4
52282.1
52320.1
52415.4
52254.9
52370.9
52065.5
52058.5
52281.3
52279.4
52386
52017
52250.3
51909
52002.9
51949.4
52038.6
51989.6
51897.4
51875.2
51933.4
51911.7
51898
51907.6
51915.8
51953.7
51986.6
51902.6
51681.7
51808.9
51663.6
51539.2
51655.3
51782
51672.8
51895
51752.9
51729.2
51626.6
51701.6
51548.2
51480.7
51431.6
51193
51441.5
51482.6
51268.5
51293.8
51296.8
51323.8
51305.2
51119.4
51169.9
51407.9
51290.7
51178.9
51419
51090.9
51292.3
50986.2
51070.8
51045.9
51150
51133.6
50957
51097.4
51113.9
50977.8
50882.7
50546.1
50788.9
50975
50878
50909.5
50735.5
50905.6
50805.9
51039.8
50792.5
51021.3
50862.2
50822.1
50759.1
50804.9
50715.2
50867.1
50481.8
50643.8
50750.4
50929
50723.9
50816.8
50794.3
50564.3
50766.5
50545.5
50531.2
50435.4
50359
50708.2
50540.3
50553.7
50507.7
50437.9
50403
50471.7
50413
50157
50368.6
50481.2
50458.2
50362.9
50342.5
50376.2
50298.1
50050.5
50195.8
50280.2
50260.1
50320.5
50176.6
50216.7
50087
50157.9
50046
50090.6
49996.1
49954.8
50166.9
49995.6
50103.3
49937.2
49934.3
49860.4
49874.5
49970.4
49964.5
49726.9
49879.7
49664.6
49867.1
49969.1
49813.1
49831.9
49688.4
49826.9
49684.2
49768.6
49757.4
49567.8
49664.9
49703.7
49689.4
49609.1
49476.9
49689.4
49731.7
49548.4
49534.1
49510.8
49496.4
49734.6
49415.3
49452.9
49375.9
49480
49438.2
49281
49456
48929.6
49520.1
49434
49255.5
49211.2
49336.2
49387
49367
49455.4
49277.5
49263
49321
49117.8
49175.3
49317.5
49261.1
49291.3
49188.5
49289.5
49075.3
49222.5
49210.8
49121.2
48950
49248.6
49108.7
49078.4
49108.1
49211.9
49103.8
49199.1
49050.2
49063.2
49210
48930.9
49116.5
49112.1
49091
49048.8
49065.6
49103.1
49045.1
49000.6
48979.7
48917.2
48903
49074.3
48973
48980.9
49068.7
48996.7
49049.2
48950.1
48851
49032.7
48878.2
48997.6
48787.1
48662.1
48775.4
48774.1
48794.8
48855.6
48889.3
48925.6
48792.9
48867.5
48809.1
48964.8
48869.7
48882.1
48911.6
48858.5
48708.3
48520.4
48804.3
48759.4
48743.5
48760.3
48790.4
48662.3
48660.8
48750.2
48791.9
48726.5
48744.3
48612.4
48547.7
48702.3
48727.9
48713.2
48618.4
48563.5
48745.8
48706.9
48606.3
48740.2
48571
48665.8
48684.8
48669.9
48681.4
48700.4
48631.5
48584.6
48517
48659.6
48572.6
48517
