1.06421e+08
1.07313e+08
1.00136e+08
1.00839e+08
9.82231e+07
9.58066e+07
9.28073e+07
9.02139e+07
8.33707e+07
7.77822e+07
8.18948e+07
7.96041e+07
7.13696e+07
7.45587e+07
7.19635e+07
7.00151e+07
6.72271e+07
6.45808e+07
6.21756e+07
5.92445e+07
5.73476e+07
5.63014e+07
5.57677e+07
5.21465e+07
5.15115e+07
5.07407e+07
4.87596e+07
4.59136e+07
4.47988e+07
4.35896e+07
4.26475e+07
3.85861e+07
3.86481e+07
3.64702e+07
3.64688e+07
3.47195e+07
3.23254e+07
3.17791e+07
3.16476e+07
3.10363e+07
2.93076e+07
2.87666e+07
2.79319e+07
2.65555e+07
2.46515e+07
2.52921e+07
2.38775e+07
2.34516e+07
2.2546e+07
2.17665e+07
2.12277e+07
2.06307e+07
1.99687e+07
1.92527e+07
1.83545e+07
1.72733e+07
1.69261e+07
1.67954e+07
1.62343e+07
1.58777e+07
1.48983e+07
1.49841e+07
1.43056e+07
1.33222e+07
1.36225e+07
1.30561e+07
1.29199e+07
1.23384e+07
1.19504e+07
1.16309e+07
1.14878e+07
1.06305e+07
1.0108e+07
1.03939e+07
1.00354e+07
9.68218e+06
9.46742e+06
9.07734e+06
8.89071e+06
8.44922e+06
8.43869e+06
7.87563e+06
7.79531e+06
7.48002e+06
7.34236e+06
7.10342e+06
6.56911e+06
6.77579e+06
6.65336e+06
6.19939e+06
6.27494e+06
6.0944e+06
5.97531e+06
5.7161e+06
5.56725e+06
5.49492e+06
5.26732e+06
5.0789e+06
4.87317e+06
4.9481e+06
4.80754e+06
4.59288e+06
4.52272e+06
4.27962e+06
4.14338e+06
4.12466e+06
4.05662e+06
3.96381e+06
3.75387e+06
3.76502e+06
3.6619e+06
3.57324e+06
3.46057e+06
3.36879e+06
3.22167e+06
3.12216e+06
3.09538e+06
3.02367e+06
2.90461e+06
2.81791e+06
2.80493e+06
2.66688e+06
2.56551e+06
2.55448e+06
2.49022e+06
2.41781e+06
2.35046e+06
2.27257e+06
2.17764e+06
2.1702e+06
2.11338e+06
2.08402e+06
2.0153e+06
1.95865e+06
1.9284e+06
1.85612e+06
1.82553e+06
1.78564e+06
1.75673e+06
1.70797e+06
1.65032e+06
1.61661e+06
1.5503e+06
1.55792e+06
1.46616e+06
1.44578e+06
1.40667e+06
1.41591e+06
1.34265e+06
1.35123e+06
1.28725e+06
1.27295e+06
1.21382e+06
1.20075e+06
1.21167e+06
1.17128e+06
1.07202e+06
1.10167e+06
1.08456e+06
1.04373e+06
1.02219e+06
1.00754e+06
998991
939762
921093
926181
911011
879581
852496
839513
822804
807586
800401
781040
755920
739043
717961
704046
713378
693259
664094
668266
649623
617047
627388
610464
601828
573928
565011
571934
562086
541327
539920
512900
516827
501522
492236
487973
473202
471962
459605
460909
450869
442411
436511
421505
399465
405950
403487
401061
388503
378447
374140
371256
365347
358700
350985
348555
330716
337864
337332
327059
325894
314493
317206
309389
300116
299005
296958
287913
285323
275950
277093
274887
268531
260087
260932
254967
253883
252631
243237
247670
238191
235021
236136
227884
223103
223432
221654
221507
216792
210451
210771
202872
204141
205561
200162
198159
195214
193023
191045
188036
187549
184832
181189
178932
176259
175541
173266
171779
169828
165210
167222
162145
163100
161917
157859
157076
157735
155072
153235
150420
151130
148906
147286
143899
142147
141702
144720
142492
138963
139134
136422
136201
133507
134205
132714
131701
131688
128659
125393
126211
124971
126357
123766
120390
123339
120876
120653
119334
118662
117468
115777
115546
113602
114264
110349
109670
110639
110066
110198
108731
108676
106912
105644
104582
104344
103891
103597
102208
102006
102023
100011
100140
100132
98462
98036.9
98709.7
97182.6
96410.2
96634.8
95718.9
95645.1
95352.4
94087.5
93444.2
92946.5
91904.4
92414.3
93040
91044.8
91078.4
90397.5
90572.3
89767.2
89747.2
89722.4
88918.8
87633.2
87533.1
86965.8
87283.6
86900.2
85650.1
86062.1
85748.8
85294.4
85150.1
84310.6
83352.3
83139.8
83759.7
83708.2
83245.4
83358.8
82058.3
82066.9
82493.5
81686.6
81314.7
81302.1
80614.5
80548.5
80126.9
79921.1
79382.3
79739.5
78769
79169.8
78213
78498.9
77856.2
77160.2
77052.8
76999.8
76517.1
76739.4
76637
76429.9
76386.1
75870.2
75719.2
75415.9
75300.4
74394.3
75044.3
74563.5
74222.2
74587.1
74547.9
74236.4
74077.6
73550.9
73723.4
73866.1
72991.9
73260.8
72948.9
72606.2
72327.3
71961.6
71766.1
71645.5
71994.7
71976.9
70509
71677.3
71157.2
71001.5
70543.2
70493
70463.7
70472.6
69143
69703.3
69396.7
69436.9
69612.7
69316.9
68961.8
69404.2
69017.9
68851.4
68538.9
68483.5
68667.9
68394.5
68279.4
68507.2
68056.3
67594
67372.2
67626.6
67208.6
67316.8
67327.6
67592.6
67410.7
67210.9
67156.9
66835.8
66926
66894.2
66790.2
66321.3
66613.9
66503.2
66335.6
66252.2
66041
65649.3
65917.8
65538.7
65652.1
65825.8
65489.4
64744.7
65043.5
64908.3
65071.8
65200.9
64968.2
65299.2
64899.3
64568
64868.5
64808.9
64393.7
64078.6
64326.2
63793.3
64164.3
64102.5
64199.1
63886.6
63819.9
63784.9
63806.2
63608.1
63268.1
63691.4
62950.8
63569.1
63445.6
63221.1
63176.2
63302.5
62832
62703.1
62982.5
62961.5
63067.4
62920
62674.8
62347
62121.9
61991.5
62431.4
61906.4
62536.4
61571
61926.9
61945.3
62248.7
61789.4
62017.6
61344.8
61971.1
61717.9
61500.2
61366.7
60995.9
61343.8
61221.8
60727.3
60795
60367.7
61026.5
61038.9
60939.4
60907.9
60970
60764.2
60883.5
60693.6
60464.6
60466.9
60398.8
60581.6
60223.5
60109.6
60139.4
60380.2
60161.9
60219.9
59933.7
60136
59835.9
60028.6
59727.8
59949.4
59743.4
59653.2
59840.8
59666.2
59537.2
59415.5
59891.4
59673.8
59292.3
59382.2
59457
59249.5
59428.1
59244.3
59129.2
58735.8
59055.4
59231.7
58915.4
58851.9
58864.7
59019.3
58968
58405.3
58824.1
58809
58731.4
58923.5
58849.9
58305.8
58557.6
58226.8
58497.8
58458
58211.8
58429.6
58173.8
58047.9
58354.5
58252.4
58047
58082
58231.5
57928.6
58228.6
57489.2
57921.9
57771.3
57867.6
57709.6
57951.8
57902.2
57597.3
57624.9
57482.6
57513.5
57695.4
57434.5
57310.6
57415.8
57185.1
57265.6
57317.7
57067.6
57129.6
56920.8
57150.9
57112.4
57062.7
56941.2
57175.5
56979.3
56780.1
56954.8
56789.5
56893
56608.3
56919.6
56766.7
56831.4
56598.7
56581.6
56688.6
56625.4
56621.8
56460.9
56771.1
56528.4
56372.4
56176.5
56349.7
56442.3
56364.3
56237.6
56115.4
56289.3
56054.5
56169.5
56228.3
56278.3
56106.4
55993.2
56087.5
56067.8
56163.7
56054.9
56048.1
55884.5
55832
55799.7
55808.9
55728.7
55869.1
55619.3
55603.7
55448
55701.4
55435.6
55669.7
55512.2
55545.1
55526
55409.5
55250.7
55279.4
55396.2
55251.6
55120.8
55237.5
55026.8
55082
55139.8
55080.8
55055.7
55072
55031.2
54857.1
54564
55028.9
54362.7
54666.7
55047.4
54865.8
54899.6
54777.2
54563.6
54593.4
54388.1
54644.2
54722.2
54781.1
54417
54696.6
54670.7
54343.7
54597.4
54446.3
54677.1
54432.3
54004.2
54339.9
54402.3
54148.8
54253.4
54194.8
54121.7
54271.2
54242.7
54132.1
54220.5
54233.4
54184.9
54238.7
54330.6
54146.8
54113.9
54009.3
54065.7
53894.7
53850.2
53939.7
53926.4
53878.8
53819.5
53935.4
53926
53721
53923.6
53778.6
53693.9
53777
53804.1
53424.7
53662.4
53634.5
53647
53546.9
53607.2
53649.6
53300.7
53527.4
53364.9
53480.3
53453.5
53320.8
53596.9
53336.6
53399.6
53405.6
53308.7
53339
53331.3
53269.3
53441.9
53200.3
53305.6
53041.1
53026.8
53228
53115.7
53254
53057.3
52913.6
53042.3
53083.9
53206.6
53011.2
53144.4
53176.2
53009.4
52696.4
52849
53009.2
53048.3
52985.1
52910.8
52653.9
53083
52852
52728.8
52837.8
52914.5
52912.8
52898
52705.4
52738.9
52566.5
52558.9
52584.1
52606.9
52647.7
52664.7
52688
52524.7
52694.7
52703.6
52593.7
52618.4
52479.8
52551.1
52530.6
52592.7
52261.3
52570.3
52186.5
52179.2
52405.6
52448.3
52169.1
52495.8
52310.8
52324.9
52466.6
52228.2
52204.4
52202.2
52249.4
52252.4
52165
52152.4
52012.5
52143.2
52194.3
52218.5
52280.8
52172.9
52128.5
52045
51938.6
51925.4
52065.9
51900.8
52032.7
51998.4
51852.5
51931.7
51715.3
51873.5
51848
52023.2
51925.7
51818.3
51946.6
51884.9
51786.8
51835.7
51845.2
51812.8
51777.3
51696.8
51862.2
51850
51876.4
51839.8
51775.8
51718.5
51773.3
51595.2
51699.6
51730
51683.1
51635
51528.3
51610.7
51523.3
51331
51549.4
51324.9
51544.8
51480.7
51494.7
51242.4
51527.2
51402.6
51475.6
51309.5
51191
51450.8
51374.4
51348.2
51128.9
51315.7
51355.4
51361.8
51360.7
51210.3
51321.2
51201.4
51383.1
51224.4
51244.2
50992.9
51279.6
51210.1
51069.9
51085.9
50965.5
51180.8
50945.3
51024.9
51075.9
50958.6
50991.8
51108.5
50974.1
50918.5
50903.3
51025.5
50949.5
50781.8
50876.1
50897.2
50844.6
50897.9
50908.5
50913.8
50873
50576.9
50792.9
50690.9
50792.1
50602.3
50770.2
50683
50761.3
50719.8
50807.9
50647.1
50656.3
50586.9
50757.2
50791.8
50639.1
50816.5
50718.4
50672.7
50557.9
50622.5
50642.9
50449.9
50501.1
50650.8
50375.5
50540.1
50582.4
50618
50608.1
50555.6
50420.8
50414
50611.3
50485.5
50566.5
50622.4
50488.3
50492.7
50502.3
50479.3
50407.5
50468.2
50261.6
50443.1
50341.3
50251.7
50283.4
50191.1
50244.5
50331.1
50384.1
50270.2
50347
50086.9
50235.1
50170.3
50189.3
50237.1
50200.3
50173.9
50221.5
50270.6
50243.3
50246.6
50111.3
50237.1
50215.8
50157.1
49936.3
50068.6
50219.7
50125.2
50078.2
49914.6
49953.7
50062.6
50129.5
50092.8
49981.4
50003.1
49923.9
49956.2
49908.6
50089.5
49918
49870.9
49870.9
