1.05124e+08
1.06527e+08
1.03231e+08
1.00197e+08
1.0008e+08
9.65681e+07
9.15286e+07
8.78036e+07
8.71805e+07
8.19049e+07
7.95936e+07
7.53159e+07
7.49349e+07
7.41051e+07
7.17747e+07
6.80047e+07
6.65103e+07
6.23872e+07
6.15452e+07
6.13667e+07
5.80307e+07
5.76226e+07
5.11367e+07
5.18772e+07
5.13979e+07
4.87824e+07
4.74052e+07
4.45342e+07
4.44633e+07
4.30243e+07
4.00753e+07
3.98399e+07
3.87027e+07
3.66921e+07
3.58371e+07
3.48134e+07
3.32861e+07
3.17674e+07
3.10373e+07
3.0546e+07
2.9005e+07
2.85149e+07
2.74992e+07
2.52938e+07
2.48004e+07
2.39176e+07
2.29529e+07
2.2911e+07
2.13723e+07
2.14228e+07
2.09055e+07
2.00172e+07
1.99192e+07
1.83707e+07
1.83639e+07
1.80611e+07
1.74672e+07
1.65622e+07
1.64237e+07
1.54739e+07
1.50926e+07
1.45036e+07
1.44158e+07
1.40745e+07
1.2729e+07
1.35382e+07
1.28225e+07
1.21334e+07
1.2108e+07
1.18723e+07
1.15705e+07
1.07605e+07
1.0655e+07
1.02989e+07
1.03328e+07
9.97759e+06
9.2139e+06
9.22245e+06
8.68081e+06
8.6502e+06
8.66539e+06
8.20973e+06
8.10346e+06
7.93752e+06
7.84287e+06
7.29807e+06
7.19005e+06
7.16322e+06
6.87769e+06
6.89978e+06
6.53251e+06
6.3241e+06
6.11801e+06
6.03358e+06
6.06219e+06
5.61473e+06
5.62274e+06
5.42157e+06
5.30156e+06
5.11973e+06
5.00886e+06
4.8079e+06
4.69336e+06
4.58003e+06
4.36472e+06
4.39347e+06
4.28968e+06
4.00658e+06
3.89659e+06
3.90302e+06
3.8692e+06
3.68071e+06
3.57203e+06
3.53115e+06
3.39615e+06
3.34688e+06
3.11418e+06
3.066e+06
3.0779e+06
2.90653e+06
2.91196e+06
2.73692e+06
2.73355e+06
2.6334e+06
2.5897e+06
2.47748e+06
2.53462e+06
2.38055e+06
2.32286e+06
2.31752e+06
2.22378e+06
2.15563e+06
2.17039e+06
2.02921e+06
2.03368e+06
1.9233e+06
1.85292e+06
1.84778e+06
1.81438e+06
1.77488e+06
1.77101e+06
1.6448e+06
1.64641e+06
1.62324e+06
1.60255e+06
1.54517e+06
1.52517e+06
1.473e+06
1.44922e+06
1.41668e+06
1.37492e+06
1.31446e+06
1.27702e+06
1.2088e+06
1.24667e+06
1.23688e+06
1.21663e+06
1.14283e+06
1.11741e+06
1.08716e+06
1.07405e+06
1.04638e+06
1.03652e+06
1.02551e+06
969528
961080
945154
904092
869213
868260
863483
847079
824409
813565
804950
766546
754271
743294
717278
700486
710046
672936
676769
661569
649884
622765
632430
604948
595312
583791
582595
560133
549760
537689
519151
524244
511908
498460
483861
483421
480576
473121
466375
443179
448644
433811
423943
425084
407038
407478
381865
385770
379502
367364
370400
357080
354124
347742
350882
341410
333290
329049
320871
320129
314475
301478
306226
298907
295211
286694
283328
281287
271394
270110
256316
249846
254258
250062
250192
244075
244406
242916
234480
233580
233286
224744
219814
223184
217719
214851
213542
209803
207704
201333
202338
190526
197989
194439
193998
188192
184947
183426
180018
181650
172388
176645
169177
172421
166587
165460
161994
162372
160763
156510
159852
155508
154084
151322
150210
149354
148794
147612
145871
141531
139305
139754
138300
139654
135606
134433
134111
131688
131947
128543
127822
125032
127458
126858
124135
121628
122341
118849
119949
119821
117362
116206
116508
114691
116063
112549
111139
110167
109756
109870
108899
108010
108205
107876
105847
105176
104990
103199
102941
101952
102474
101673
98337.8
100135
97340.3
99004.1
97067.8
96401
96594.5
96094.4
93426.3
94797.3
94479.1
92118.6
92746.4
90665.5
90535.9
91689
90053.4
89144.1
88000.3
88853.9
88121.1
87829.4
88032.6
86629.3
84202.8
85031.6
84717.7
84060.4
84323
84236.5
83458.7
81895.1
83205.1
82516.5
81859.7
81068.1
80353.8
80802.1
80803
79923
79964.2
79282.2
78343.4
79094.9
77990.7
78181.1
77847.8
77399
77278.2
76115.4
77764.2
76428
76304.8
75700.4
75891.9
75503.2
75637.7
75136.5
74498.2
74320.9
73532.4
73702.9
73970.2
73971.5
73665.8
73443.9
73398.9
72583.1
72985.4
72742
71266.6
72165.1
72116.2
71922.7
71452.6
71636.9
70451.9
70567.6
70518.2
70634
69904.1
70006.6
69275.3
69485.7
69552.8
69216.8
68592.2
69089.2
68884.3
68604.2
68200.5
68251.1
67845.9
67816.3
67575.8
66984.7
66654.2
66587.2
66666.6
66700.1
66242.3
66487.5
66437.2
66364.4
66309.1
65940.7
66184.1
65595.7
65603.8
64974.3
65560.7
65117.2
64476
64596.5
64966.1
64688.1
64642.9
63753.6
64355.6
64087.2
64210.9
63326.3
63895.9
63581.8
63084.1
63207.1
62884.2
62993
63142.9
63138
63086.1
62779.5
62507.8
62739.7
62476.4
62084.5
61671.8
62320
62034.6
61931.9
61720.7
61437
61405.9
61098.7
61210.6
61055.7
61367.5
61081.9
60837.1
60616.4
61032.7
60694.4
60856.1
60659.1
60492.4
60228.3
60344.6
59267
59995.1
60055.2
59885.9
59911.1
60086.4
59830.1
59537
59631.2
59341.6
59380.3
59553.7
59131.4
59115.7
58844
59094.5
58678.6
58796.6
58549.8
58448.5
58579.6
58552.7
58070.4
57988.4
58200.8
57729.6
58040.4
57744.8
58151.9
57685.4
57559.2
57678.2
57979.2
57736.8
57594.4
57451.1
57064.5
57133.8
57183.7
56662.7
56950.6
56659
56564.1
56744.6
56641.2
56531.7
56676.6
56524.8
56230.5
56425.3
56276.6
56382.6
55861.4
55993.8
55838.3
55997.9
55503.8
55614.1
55698.4
55727.6
55675.6
55685.5
55803.5
55388.6
55321.9
55606
55571.8
55377.4
55318.1
55248
55061.3
54904.8
55050.9
54816.3
54870.2
54500.9
54629.5
55037
54466.4
54458.3
54446.9
54540.5
54243.2
54334.9
54305.6
54529.5
54079.1
54080.5
53910.7
54035.5
53998.1
54144.5
54023
54081.3
54022.9
53191.6
53857.3
53827.2
53716.4
53007
53472.4
53359.1
53338.2
53675.4
53182.9
53214.9
53349.4
53393.4
53371.1
53203.4
52990.6
53166
53160.2
53110.5
52740.9
52873.7
53012.3
52947.8
52952.8
52946.7
52950.2
52624
52705.1
52915.1
52647.8
52446.1
52560.2
52410.1
52428.1
52301.5
52533.9
52508.2
52303.8
52221.5
52382.9
52477.1
52260.8
52210.7
52054.9
52084.3
52192.6
51823.3
52193.4
51864.8
51823.3
51990
52048.7
51705.3
51986.4
51682.8
51800.5
51936.9
51707
51912.2
51682.1
51657.1
51717.7
51533
51641.7
51797.4
51633.8
51504.2
51327
51636.7
51574.5
51496.1
51358.1
51408.8
51216.9
50990.9
51175.6
51153.8
51279.2
51289.6
51061.6
50979.8
51276.6
51078.6
50794.4
51033.6
51044
50725.1
50762.5
50696.3
50622.5
50677.2
50638.1
50355
50539.3
50769.7
50701.1
50730.2
50601.4
50675.2
50610.4
50742.4
50525.6
50423.9
50601.2
50473.5
50213.6
50315.6
50365
50382.9
50163.1
50168.4
50143.2
50308.1
50265.6
50224.3
50131.8
50024
50024.2
50098.2
50205.2
49835.4
49995.2
49874.9
50015.8
50061.4
50151.8
50009.9
49929.9
50086.4
49971.2
49426.2
49919.1
49932.3
50127.7
49857.8
49686.9
49455.8
49599.8
49908
49850.7
49900.5
49940.4
49833.8
49768.9
49663.1
49785.1
49504.1
49535.5
49697.7
49533
49680.8
49536.9
49679.5
49675.1
49411.7
49563.1
49481.5
49558.9
49262.8
49402.3
49403.6
49380.9
49346.1
49396.9
49098.2
49104.4
49387.3
49091.2
48950
49253.9
49062.5
49124.3
49292.4
49232.7
49144.9
49029
49281.5
49068.6
49236.5
49084.4
49263.1
49191.3
49064.8
48991
49209.3
48839.9
49106.5
49099.3
48963.3
48843.5
48770.3
48917.5
48734.5
48713.3
48794.6
48844.7
48793.4
48793.3
48819.6
48840.8
48741.2
48784.8
48738.8
48700
48702.7
48681.5
48694.6
48739.6
48614.1
48675.6
48451
48630.4
48609.4
48408.8
48569.1
48561.3
48299.4
48625.7
48536.8
48487.2
48409.5
48343.2
48454.3
48505.3
48321.2
48292.6
48158.2
48206.9
48278.9
47964.3
47843.7
48082.3
48359.3
48113.4
48182.5
48214.2
47933.2
48118.7
47961
48153.1
47962.4
48042.7
48072.1
47995.5
47994.7
47807.2
47987.1
48003
48041.5
48050.6
47983.5
47870.1
47888
47951.2
47983.4
47812.4
47621.8
47871.5
47742.3
47944.9
47806
47607.3
47562.6
47457.2
47868.8
47826
47800.8
47869.7
47603.7
47852.5
47546.2
47637.5
47625.7
47539.1
47612.6
47414.8
47454
47162.8
47439.6
47539.5
47571
47517.8
47505.1
47448.2
47469.7
47373
47520.3
47401.6
47499.6
47331.1
47553.2
47406.1
47122.4
47371.3
47447.5
47345.5
47390.1
47351.4
47339.3
47177.6
47259.6
47157
47059.5
47303.9
47259.1
47240.9
47203.7
47282.3
47212.1
47128.5
47160.2
47147.6
47289.5
47205.1
47206.6
46955.4
47189.5
47070.9
46982.7
47066.5
47132.5
46930.1
47056.6
47041.3
47076.7
47100.4
47157.5
47022.8
46898.8
46904.5
46982
46947.5
46904.3
47024.3
46947.7
46819.4
46860.6
46744.1
46840.2
46848.1
46724
46745
46801.2
46691.4
46884.6
46835.3
46854.8
46833.6
46921.4
46659.2
46782.3
46872.8
46839.6
46663.4
46705.9
46797.1
46677.3
46651.2
46690.2
46593.5
46681
46518.5
46530.7
46628.9
46675.1
46509.1
46497.8
46498.8
46545
46602.1
46492.1
46587.9
46501.7
46546.4
46566.6
46494.4
46354.6
46326
46454.4
46514.8
46443.2
46404.5
46227.3
46332.7
46238.2
46369.1
46352.1
46279.2
46280.3
46313.7
46399.4
46444.6
46387.8
46185.4
46165.3
46225.6
46196.8
46226
46315.3
45842.1
46257.4
46218.7
46121
46232.1
46089.3
46106
46239.6
46019.3
46182
46255.7
45828
46081
46200.3
46046.3
46155.5
46041.9
46000.3
46116.1
46044.3
46141
46131.6
46113.7
45970.4
46013.4
46167.3
46096.5
45974.2
45998.9
46053.1
46059.5
46032.7
45883.8
46062.2
45843.7
45915.4
45968.6
45867.5
45772.8
45899.2
45881.4
45950.8
45825.2
45927.4
45780.7
45886.1
45871.5
45901.8
45772.8
