1.05156e+08
1.0568e+08
1.0156e+08
1.00218e+08
9.76925e+07
9.39781e+07
8.8774e+07
8.44678e+07
8.27723e+07
8.24129e+07
8.21215e+07
7.86437e+07
7.73048e+07
7.44812e+07
7.29941e+07
6.93945e+07
6.58083e+07
6.51771e+07
6.3225e+07
6.10779e+07
5.95636e+07
5.81454e+07
5.34971e+07
5.09993e+07
5.09779e+07
4.57519e+07
4.54291e+07
4.53402e+07
4.44691e+07
4.2993e+07
4.18593e+07
3.67614e+07
3.76024e+07
3.70781e+07
3.74469e+07
3.46426e+07
3.35236e+07
3.2726e+07
3.24172e+07
3.02375e+07
2.83735e+07
2.79256e+07
2.75967e+07
2.59491e+07
2.58859e+07
2.4419e+07
2.37647e+07
2.29963e+07
2.20219e+07
2.13596e+07
2.15848e+07
2.0081e+07
1.96745e+07
1.89217e+07
1.7246e+07
1.68974e+07
1.7249e+07
1.62128e+07
1.58775e+07
1.59896e+07
1.53236e+07
1.48035e+07
1.43732e+07
1.41239e+07
1.36946e+07
1.33647e+07
1.24581e+07
1.23967e+07
1.19447e+07
1.1571e+07
1.13945e+07
1.11272e+07
1.08322e+07
1.05559e+07
1.03678e+07
9.80118e+06
9.81683e+06
9.30036e+06
9.29426e+06
8.7421e+06
8.56956e+06
8.62496e+06
8.22036e+06
7.87128e+06
7.90961e+06
7.3253e+06
7.24024e+06
7.19198e+06
6.96542e+06
6.77268e+06
6.47512e+06
6.37203e+06
6.26464e+06
6.09637e+06
5.96732e+06
5.68068e+06
5.43285e+06
5.35681e+06
5.21766e+06
4.89119e+06
4.74471e+06
4.87925e+06
4.74537e+06
4.59966e+06
4.06633e+06
4.25268e+06
4.25997e+06
4.12302e+06
4.06966e+06
3.89715e+06
3.79375e+06
3.65304e+06
3.64293e+06
3.50264e+06
3.31198e+06
3.31836e+06
3.17363e+06
3.09672e+06
3.05474e+06
2.86065e+06
2.79827e+06
2.68125e+06
2.64226e+06
2.62495e+06
2.5586e+06
2.54264e+06
2.4006e+06
2.33349e+06
2.35571e+06
2.24688e+06
2.14675e+06
1.98498e+06
2.10408e+06
2.00799e+06
1.97228e+06
1.97901e+06
1.88243e+06
1.86151e+06
1.79432e+06
1.69637e+06
1.71517e+06
1.67021e+06
1.631e+06
1.60028e+06
1.54062e+06
1.54821e+06
1.42801e+06
1.43894e+06
1.39683e+06
1.3559e+06
1.36575e+06
1.28328e+06
1.27728e+06
1.22323e+06
1.18663e+06
1.17735e+06
1.16718e+06
1.14942e+06
1.12333e+06
1.06714e+06
1.05708e+06
1.0181e+06
1.01462e+06
1.00111e+06
974438
935110
933684
898977
866883
855329
851546
833876
797834
799557
783903
754386
751544
744231
727336
698893
696600
681814
675776
659288
642558
615872
615981
608201
600164
592471
574117
560686
539166
531326
522180
527859
524582
501776
489234
485192
465852
458949
458722
450849
450363
439122
428689
417948
420892
402386
396698
392474
382128
371841
371831
373556
357552
348209
347015
338732
327459
325492
319276
317650
315186
312459
307716
302120
297908
289888
289864
282719
272763
269781
271055
268508
262516
261539
253424
252864
244572
241046
242320
232319
234757
232304
227338
224952
219112
217677
211020
203879
209471
208647
201385
199176
197690
192799
191894
189458
183855
187242
184943
179162
180202
175707
175711
172901
170527
167419
168370
165917
164403
163530
157937
154821
156159
150778
151253
145460
147400
148975
146534
145872
143646
142933
140668
140621
136633
134766
131205
129445
131447
130155
129330
127010
127103
127300
125297
124081
121770
121079
119449
119418
117789
118171
117091
116413
115002
114451
112337
111235
109939
108782
109101
105403
108566
106015
105558
105425
103741
104122
103433
102770
102168
99651.3
100377
98586
100679
98135.9
97345.1
96563.3
97504.1
95911.8
94173.1
93998.8
93231.4
90330.2
91946.1
91734.3
90201.7
90819.1
89458.3
89001.1
87767.4
88062.7
88482
87151.4
87775.3
86928.3
86047
85411
85327
84989.8
83792.8
84355.3
82865.1
83445.5
81685.8
81684.6
81443.8
82098.8
81117.6
79618.1
80716.3
78972.1
79721.8
79351.6
79014.2
78714.6
78135.8
78577.4
77739.2
76654
76903.8
76844.3
75487.7
76448.9
75433.9
75049.4
75521.6
75194.8
75009.4
74863.5
74388.5
73897.4
73611
73489.3
73050.3
73153.4
72461
71676.1
71662.8
71322.3
72027.4
71141.4
71280.9
71428.7
71325.1
70419.2
70972.7
70209.6
70448.5
70415.3
70363.2
69740.1
69697.7
69278.5
69077.8
69093.3
68906.7
68240.1
67519.8
67625.9
67862.8
67291.8
67689.4
67225.7
67867.8
67100.1
67431.9
66852.5
67013.4
66900.8
66892.2
66110.3
66181.1
65894.8
65818.3
65505.2
65185.9
65504.1
65282.3
64744.4
65002.4
65137.3
64719.8
64758.6
63591.7
63806.7
64281.1
64104.8
63412.7
63564.2
63314.3
63771.9
63231.7
63206.8
62725.8
62872.9
62715
62503.3
62358.6
62210.2
62227.2
62272.6
62296.2
61915.6
61737.4
61445.4
61690.2
61552.3
61567.9
60995.7
61451.7
61059.5
60738.7
61163.4
60512.6
60739.9
60787.1
60478.1
60468.3
60206.2
60366
60004.6
59787.4
59329.3
59910.5
59909
59608.4
59429.6
59380.3
59397.8
59269.6
59423.2
59056.5
59178.7
58922.4
58894.6
58948.2
58723.6
58057.1
58404.8
58548.7
58160.7
58790.8
58647.2
58297.8
58186.1
58162.6
58254.3
57981.7
57558.4
57863.5
57522
57689.5
57810.9
57745.5
57244.2
57194.2
57571
57243.9
57316.9
57147.4
56905.9
56835
56711.8
56901.4
56666.5
56663.6
56903.2
56641.8
56645.1
56326.5
56369.6
56434.5
56564.6
56186.4
56164.7
56214.1
55947
55927.4
56075
55951
56034.9
55525.1
55037.8
55244.5
55888.4
55324.5
55390.7
55605.4
55005
54921.3
55250.7
55267.8
55461
55246.5
55312.2
55084.2
54902.4
54586.5
54853.7
54808.3
54681.5
54903.7
54656.6
54823.9
54770.1
54796.3
54509.3
54195
54529.7
54241.9
53969.3
54364.8
54336.5
54279.2
54438.4
54275.6
53907.8
54037.7
53271.8
54030.4
54047
53954.2
53999.5
53996.4
53893.1
53753.2
53654.9
53735.9
53433.7
53594.2
53415.9
53721.2
53759.3
53563.2
53507.5
53598.1
53617.2
53458
53511.4
53587.7
53326.7
53387.9
53288.3
53141.6
53206
52876
52805.2
53316.2
53180.1
53066.9
53034.7
52978.2
52996.6
52915.7
52665.8
52692.6
52612.8
52718.6
52620
52797.3
52708.8
52561
52391.6
52454.6
52327.8
52401.5
52613.1
52116.5
52427.9
52142.2
52439.4
52256.9
52146.4
52315.3
52103.9
51965.9
51860.6
52118.9
51913.8
52102.1
51835.8
51727.8
51956.1
51998.3
51855.8
51886.2
51790.8
51748
51699.2
51285.2
51682.4
51629
51667.7
51672.5
51334.8
51626
51208.7
51406.5
51416.4
51344.9
51287.8
51343.3
51067
51146.9
50964.7
50926.2
51159.8
51168.5
50690
50736.8
50955.8
50585.3
50643.8
50598.3
50892.8
50754.9
50685.5
50850.7
50826
50619.3
50552.6
50625.7
50573.9
50621.9
50541.9
50773.8
50692.5
50668
50599
50561
50667.2
50226.4
50513.6
50328.6
50189.1
50341.1
50527.3
50306.3
50212.5
50084.7
50260.7
50297.9
50055.6
50127.6
49948.8
50082.2
49830.3
50031.2
49711.3
49908.6
50023.9
49915.2
49700.9
49823
49782.8
49724.4
49409.8
49891.8
49831.3
49800.2
49523.8
49602.9
49656.6
49336.6
49639.8
49675.3
49457.4
49368
49539.8
49490.1
49436.9
49571.7
49400.6
49539.8
49421.1
49291.2
49416.9
49266
49302.9
49416.1
49143.9
49264.8
49256.3
49113.4
49088.1
48981.9
48882.1
49042.7
49038.2
49091.3
49037.7
48900.6
49034.3
48988.3
48984.1
48840.9
48858.6
48994.5
48835.3
48721
48680
48814.3
48782
48539.3
48784.3
48898.7
48738.7
48723
48790.4
48667.4
48645.3
48820.4
48527.6
48652.4
48680.9
48531.1
48621.4
48535.2
48459
48422.3
48401.1
48469.2
48492.6
48342.6
48293
48405.8
48243
48403.9
48073.1
48240.5
48227.4
48339.7
48306.6
47945.8
48144.3
48179.4
48085.1
48177.7
48087.8
48087.6
48031.7
48059.5
48084.9
47858.8
47902.5
47776.2
48060.1
47947.8
47909.7
47713.3
47961.1
48109.9
48027.6
47838
47907.9
47733.5
47700.7
47731.5
47835.1
47822.8
47763.9
47542.4
47750
47674.7
47555.8
47504.6
47613.2
47598.6
47400.9
47488.4
47451.1
47472.2
47368.5
47299.1
47202.6
47414.2
47393.4
47321.6
47490.9
47398.4
47509.8
47420.5
47402.3
47348.5
47398.4
47247
47308.2
47236.5
47299.4
47332.1
47209
47127.6
47079.6
47296.9
47158.8
47182.6
47107
47192.4
47342.4
47089.2
47165.2
47195.4
47214.6
47049.3
47068.7
47104.3
47025.6
46985.2
47149.5
46953.9
46939.2
46855.5
46821.2
47003.9
46839.3
46898.8
46912
46903.3
46707.9
46913.9
46944.4
46885.7
46898.5
46857.2
46563.9
46429.6
46774.6
46736.2
46665
46629.4
46665.7
46630.2
46637.2
46750.4
46644.3
46540.5
46665.4
46620.3
46641.8
46624.9
46504.6
46520.1
46608.2
46414.5
46578.6
46444.9
46482.1
46501.3
46535.5
46334.6
46509.9
46377.5
46488
46547.4
46533.7
46458
46515.6
46262.9
46304.7
46374.6
46463.4
46303.5
46184.1
46183
46327.6
46411.2
46359.6
46261.5
46282.7
46261
46261.3
46150.6
46183.9
46119.8
46077.3
46140.1
46075.8
46100.7
45936.1
46087.5
46232.9
46144.9
45970.3
46099.8
46014.7
46156.9
46022.8
46164.3
46158.9
46169
46121.8
46069.9
45837.6
45884.2
46084.9
45985.7
46126.5
46133.8
46058.6
46066.6
46005.9
45635.6
45960.4
45754.8
45750
45731.1
45834.2
45884.6
45847.6
45621.5
45705.9
45766.2
45750.8
45817
45871.1
45711.9
45706.8
45722.4
45594.3
45731.1
45716.8
45744.8
45510.8
45596
45620.1
45548.5
45681.3
45641.6
45609.9
45704
45565.5
45463.4
45530.5
45509.5
45424.3
45598.9
45516.1
45502.1
45360.7
45458.3
45293.9
45564
45411.7
45487.2
45523.4
45468.3
45406.7
45418.7
45368
45455
45397.6
45480.9
45259.2
45457.1
45279.1
45429.5
45416.9
45367.1
45375.8
45411.8
45380.9
45269.6
45170.6
44993.5
45321.8
45141.8
45043
45177.2
45264.1
45225.1
44993.5
