1.06033e+08
1.05281e+08
1.03377e+08
9.705e+07
9.50439e+07
9.50416e+07
9.07241e+07
8.53245e+07
8.24871e+07
8.37801e+07
7.71898e+07
7.53603e+07
7.48406e+07
7.32672e+07
6.88312e+07
6.79119e+07
6.80429e+07
6.44849e+07
6.35676e+07
6.04633e+07
5.79561e+07
5.77952e+07
5.34605e+07
5.29262e+07
5.17523e+07
4.80345e+07
4.64949e+07
4.525e+07
4.21703e+07
4.19135e+07
4.20637e+07
4.04635e+07
3.78731e+07
3.79978e+07
3.5521e+07
3.38894e+07
3.26269e+07
3.21808e+07
3.02519e+07
2.87282e+07
2.89e+07
2.78226e+07
2.70384e+07
2.60848e+07
2.53634e+07
2.44264e+07
2.31404e+07
2.28875e+07
2.23465e+07
2.16402e+07
2.09647e+07
1.9782e+07
1.98455e+07
1.93194e+07
1.7928e+07
1.70189e+07
1.71741e+07
1.63982e+07
1.58318e+07
1.47289e+07
1.47155e+07
1.47972e+07
1.42719e+07
1.31992e+07
1.19495e+07
1.31176e+07
1.25746e+07
1.2145e+07
1.20335e+07
1.16662e+07
1.10426e+07
1.09098e+07
1.05575e+07
1.05417e+07
1.01474e+07
9.46732e+06
9.42258e+06
9.11197e+06
8.54851e+06
8.44617e+06
8.46967e+06
8.23078e+06
7.94909e+06
7.72207e+06
7.21161e+06
7.04525e+06
6.80031e+06
6.73852e+06
6.65671e+06
6.40748e+06
6.36511e+06
6.16612e+06
6.0429e+06
5.98906e+06
5.71023e+06
5.38503e+06
5.42371e+06
5.30517e+06
4.99791e+06
5.0708e+06
4.87538e+06
4.67323e+06
4.62796e+06
4.30995e+06
4.28098e+06
4.00979e+06
4.05209e+06
3.93881e+06
3.80749e+06
3.62652e+06
3.51495e+06
3.45363e+06
3.39393e+06
3.33369e+06
3.31528e+06
3.11855e+06
3.08655e+06
2.97307e+06
2.97099e+06
2.89209e+06
2.70122e+06
2.62834e+06
2.64165e+06
2.44443e+06
2.37574e+06
2.3615e+06
2.31729e+06
2.28465e+06
2.19244e+06
2.20263e+06
2.11362e+06
2.05526e+06
1.98496e+06
1.96394e+06
1.92507e+06
1.8807e+06
1.81809e+06
1.79441e+06
1.72856e+06
1.68284e+06
1.60641e+06
1.59812e+06
1.50237e+06
1.52944e+06
1.48638e+06
1.42474e+06
1.42468e+06
1.37347e+06
1.38755e+06
1.30058e+06
1.26848e+06
1.28601e+06
1.23324e+06
1.22293e+06
1.16664e+06
1.14296e+06
1.14556e+06
1.10726e+06
1.05971e+06
1.05134e+06
1.04592e+06
999511
962509
970547
959962
956077
914789
898700
881664
852137
859856
823675
804734
794179
788038
740975
710269
734379
710356
703708
696076
689053
668220
652867
638014
625847
603243
596862
558943
570796
575338
558454
538208
509356
512134
515761
509589
488345
485667
475522
476918
455161
454516
455143
442959
432633
406764
413942
411997
399717
398464
392395
379964
379596
367707
366131
362945
353191
337873
341919
336530
323915
324778
306510
306891
307560
304166
300302
293223
285914
279011
278624
278615
270228
272299
267486
261321
256190
252383
248881
244436
241634
240734
228592
233644
227052
230281
224789
223288
219848
217173
209326
208176
207102
204296
202054
193130
192580
191016
192067
190185
186969
184176
182109
181877
177602
176496
170545
170529
167543
169366
165957
160645
164338
162702
159642
158571
156353
152030
151695
150522
148434
147558
146060
143661
144654
142958
137636
135529
136902
135010
132939
133149
132907
129152
129171
127822
128276
126003
125961
123796
123607
121342
121997
120878
119521
116615
116365
113690
113312
114491
112557
111396
111438
109670
110617
108631
105738
106325
105731
102645
105549
102076
101843
102485
100870
101581
100739
100385
98355.1
98526.1
99107.2
98193.5
97423.5
95547.1
93200.4
94623.8
94182.6
94783.3
93354.5
92350.1
92626.3
92738.8
91805.1
90737.8
90657.8
89846.5
89906.1
88862.1
89834.6
88961.9
87933.9
87569.8
86338.7
87305.1
86654.6
86105.7
85274.3
84993.3
85570.2
84392.6
84026.4
83505.9
83342.3
82723.4
82814.9
82307.4
82322.6
82784.1
81287.6
80748
80648.1
80323.5
80145.7
79709.1
79815.7
79902.1
78954.6
79155.7
79196
77453.2
77862.2
77410.9
76113.5
77752.2
76861.4
76764.7
76315.1
76327
75445.1
74260.7
76075
74790.8
74790.3
74982.3
74037
74116.3
74337.1
73891.7
73253.2
72700.6
73087.2
73375.1
72860.8
72344.3
72290.5
72439.8
71770.6
71736
70863.9
71431.3
70953.7
70815
70831.9
70434.1
70647.8
69502.2
69415.7
69524.7
69576.8
69700
69225.2
68639.7
68413.5
68197.4
67164.5
68094
67970.8
68041
66895.2
67286.9
67238.6
66115.2
66326.4
66767.5
66325.1
66321.3
66371.6
66106.8
65518.6
65098.1
65668.6
65100.6
64827.2
65184.4
64404.2
64370.7
64144.6
63946.3
63859.2
63923.1
63539
63515.7
62638.5
63376.8
63145.9
62593
62363.5
62729
62415.7
62168.7
62329.7
61972.5
61967.7
61702.6
61834.1
61250
61467.4
60938.6
61195.6
60969.5
60389.2
60117.8
60887
60409.9
60462.1
60618.8
60358.1
59968.4
59385.6
59917
59853
59522.7
59528.2
59384.3
59504.6
59381.1
59353.6
58610.9
59122.9
58533.3
58744.5
58878.3
58334.1
58622.8
58776.6
58549.2
58081.5
58269.6
58167
58150.1
57841.9
57865.8
57870.1
57239.6
57660
57737.5
57759.1
57313.3
57483.1
57194.7
56704.3
57201.5
56823.2
56857.9
57006
56913.6
56720.9
56673.8
56504.6
56687.3
56578.1
56322.2
56328.5
56161.4
56159.3
55975.2
56014.5
55956.3
56120.2
55849.2
55729.3
55319.1
55808.7
55466.1
55562.8
55537.7
55414.7
55464.9
55089.9
55127.2
55054
54931.2
54684.9
54658.9
54760.9
54453
54909
54634.9
54552.4
54603.4
54625.1
54711
54539.7
53974.8
54279.9
54080.7
54117.9
54496.3
54167.4
53926.2
54143.7
53882.8
53963.9
53913.8
53874.5
54078
54000.6
53935.4
53918.5
53717.7
53549.1
53697.8
53746.1
53541
53532.6
53460
53396.2
53314.3
53502.1
53451.7
53505.2
53414.9
53397.8
53442.3
53371.5
53174.4
53187.6
53134.9
52849.2
53224.3
53134.5
52996.6
53174.6
52980.9
52916.1
53051.7
52824.4
52868.3
52929.8
52742.3
52621.6
52806.2
52694.7
52625.4
52699.9
52605.3
52453.3
52466.5
52399.2
52237.4
52120.8
52054.1
52259.5
52037.5
52130.4
52138.6
52283.2
52152.9
52034.7
51874.6
51994.1
51928
52048.7
51614.5
51868.1
51904.3
52032.9
51569.2
51372.7
51806.4
51573.5
51728.6
51643.2
51657.2
51468.9
51487.2
51446.8
51537.6
51698.2
51699.2
51363.7
51361
50959.9
51377.8
51205.2
51234.1
50828.4
51200
50955.6
51327.9
51060.1
51149.9
51307.6
51023.3
51195.8
50966.9
50979.3
50841.2
50841
50769.2
50770.3
50788.4
50838.7
50896.8
50827.2
50754.5
50716.7
50626.4
50735
50724.8
50646.6
50643.3
50566.1
50262.1
50455.2
50394.4
50425.6
50556.5
50325.8
50499.5
50249.2
50235.6
50488.3
50351.3
50254.1
49856.2
49928.2
50311.7
50215.8
49899.4
49827.6
50213.4
50124.8
49844.4
50000.3
50097.7
49976.4
49828.9
49957.3
49696.8
49801.4
49785.9
49790.2
49821.2
50030.8
49898.2
49901.3
49788.4
49453
49821.2
49596.1
49809.8
49809.2
49814
49745.5
49623
49452.4
49596.2
49620
49740.7
49614.5
49504.1
49391
49513.7
49512.5
49441.8
49415.2
49473.2
49516.9
49379.8
49512.3
49574
49291.6
49389.6
49169.6
49291
49382.9
49399.8
49078.1
49228.3
49379.6
49207.7
49180.4
49279.8
49146.4
48964.4
49234.6
48993.5
49119.5
49039.1
49276.7
49065.5
48875
49003.3
48910.4
48999.9
49018.7
48927.2
48665.2
48692.5
48879.9
48705.3
48838.9
48832.7
48745.5
48741
48750.8
48799.7
48612.4
48578.4
48491.3
48429.1
48200.4
48552.5
48336.6
48571.5
48636.4
48373.3
48434.7
48601.9
48485.7
48358.7
48424.5
48425.5
48400.7
48301.5
48412.9
48299.7
48329.5
48090.2
47949.6
48102.7
48192.9
48166.4
47908.7
48233
48231
47933.7
47801.5
47962.5
48033.5
47978.5
47856.6
47889.3
47857.2
47910.7
48010.5
47839.9
47811.7
47597.7
47796.2
47737.5
47815.8
47830
47429.4
47664.8
47868
47817.6
47980
47733.3
47734.8
47707.5
47816.4
47632.9
47584.8
47452.7
47711.7
47595.8
47672.2
47541.3
47448.4
47457.2
47572.8
47502.5
47581.4
47468.9
47369.4
47456.9
47472.7
47407.2
47249.4
47320.9
47268
47492.9
47429.7
47179.5
47039.7
47334.7
47242.6
47118
47376.6
47409
47259.1
47190.3
47106.7
47042.5
47191
47203.1
46906
47176.4
47067.4
47105.7
47157.1
46835.5
46916.2
47059.1
47143.5
47032.8
46977.4
47010.2
46938.6
46871.1
46683
46840.9
47013.2
46982.3
46966.7
46927.1
46858.8
47001
46858.5
46604.1
46809.1
46594.1
46785.3
46622.4
46761.8
46647.2
46556.7
46696.1
46760.8
46556
46564.7
46721.4
46638
46731.2
46671.2
46668.1
46501.7
46593.4
46509.6
46477.1
46460.8
46564.9
46551.6
46492.8
46394.2
46520.1
46544.6
46517
46540.2
46515
46314.9
46338.1
46396.6
46438.2
46466.2
46464.9
46280.9
46413.9
46378.2
46434
46438.4
46417.8
46423.7
46207.3
46162
46352.8
46017.1
46152.8
46298.1
46150.1
46173.9
46177.6
46410.4
46210.5
46347.8
46066.1
46134.6
46346
46093.9
46149.5
46065.8
45976.3
46056.1
45931.6
46100.6
45921.5
46053.6
45980
46119.5
46046.9
46024.7
46038
45856.1
45794.9
45889
46037.8
45961.1
45941.2
45998.9
45814
45744.5
45961.7
45881.6
45853.9
45874.9
45829
45656
45878.6
45881.2
45938.6
45771.7
45679.3
45793.5
45793.6
45865.6
45758.5
45758.1
45845
45774.4
45718.4
45655.2
45561.3
45612.8
45645.7
45615.3
45573.8
45566.7
45630.5
45554.9
45402.1
45633.3
45585
45531.5
45561.6
45544
45603.8
45502.5
45437.7
45348.3
45323.3
45196.7
45425.5
45436.9
45396.7
45320
45363.2
45432
45370.1
45369.3
45426.8
45345.9
45288.8
45461.7
45289.3
45165.1
45307.5
45280.2
45358.3
45268.1
45255.7
45215.7
45282.2
45165.1
