1.06697e+08
1.032e+08
1.03623e+08
9.40632e+07
9.46103e+07
9.42099e+07
8.75757e+07
8.53276e+07
8.58464e+07
8.43137e+07
7.62026e+07
7.86286e+07
7.26327e+07
7.20499e+07
6.96327e+07
6.94485e+07
6.52005e+07
6.05103e+07
5.97498e+07
5.72279e+07
5.85505e+07
5.61793e+07
5.45854e+07
4.8847e+07
4.97625e+07
4.81681e+07
4.81389e+07
4.399e+07
4.39854e+07
4.30272e+07
3.97184e+07
3.92569e+07
3.95907e+07
3.7764e+07
3.57479e+07
3.53631e+07
3.4016e+07
3.25014e+07
3.11359e+07
3.05413e+07
2.8935e+07
2.76953e+07
2.74046e+07
2.52226e+07
2.40984e+07
2.44868e+07
2.38283e+07
2.3343e+07
2.12964e+07
2.16809e+07
2.09933e+07
1.8801e+07
1.86711e+07
1.85758e+07
1.86098e+07
1.74332e+07
1.69574e+07
1.52801e+07
1.56266e+07
1.56535e+07
1.49338e+07
1.39371e+07
1.3428e+07
1.34939e+07
1.30892e+07
1.24104e+07
1.2219e+07
1.16444e+07
1.15606e+07
1.09856e+07
1.11962e+07
1.03301e+07
9.98611e+06
1.04316e+07
1.00242e+07
9.52648e+06
9.19222e+06
9.17309e+06
8.90397e+06
8.28167e+06
8.37475e+06
8.04811e+06
7.91692e+06
7.71266e+06
7.39551e+06
7.26842e+06
6.95689e+06
6.68588e+06
6.45522e+06
6.43006e+06
6.17535e+06
5.95933e+06
5.70666e+06
5.6428e+06
5.64006e+06
5.41894e+06
5.3355e+06
5.15432e+06
4.99891e+06
4.92486e+06
4.66683e+06
4.60866e+06
4.47134e+06
4.3381e+06
4.15758e+06
4.05711e+06
3.90491e+06
3.92076e+06
3.93559e+06
3.73461e+06
3.55294e+06
3.4981e+06
3.32545e+06
3.28751e+06
3.16418e+06
3.07007e+06
3.02919e+06
2.97892e+06
2.88474e+06
2.8338e+06
2.74209e+06
2.66503e+06
2.53733e+06
2.43568e+06
2.41849e+06
2.38915e+06
2.335e+06
2.29385e+06
2.22597e+06
2.13195e+06
2.12586e+06
2.07625e+06
1.9238e+06
1.87079e+06
1.87255e+06
1.827e+06
1.8232e+06
1.73952e+06
1.68898e+06
1.59602e+06
1.60205e+06
1.6024e+06
1.53769e+06
1.52109e+06
1.44927e+06
1.47378e+06
1.43277e+06
1.41388e+06
1.38385e+06
1.34047e+06
1.33009e+06
1.27647e+06
1.23051e+06
1.21155e+06
1.16499e+06
1.16392e+06
1.14133e+06
1.11759e+06
1.07595e+06
1.05287e+06
1.02477e+06
998125
963060
980621
927536
917452
904960
897093
868150
843028
827225
827423
810091
772877
748623
728159
736484
710056
713134
698088
690193
660495
637311
639653
624124
604574
603862
598950
583144
572306
555202
558859
540929
529042
531292
511194
501871
497568
484844
472387
469178
457260
456106
447713
438747
417520
416786
415224
404881
390848
382607
379625
376174
367431
356913
345317
347783
348797
341472
331291
333305
313135
313615
307520
306535
303489
288735
277880
286228
283061
275664
275054
271252
253722
259474
258341
256761
249044
246635
244757
235727
237339
232982
227996
228006
222257
219703
212223
211563
210686
208950
205976
204104
199950
194820
196336
191433
183884
187524
185180
183204
183207
179919
178022
174338
174642
172870
171888
169437
166649
165840
162558
160944
159957
158666
154670
156434
153667
152591
149610
149094
148248
146353
144818
143899
140704
139981
140054
136507
135896
135381
134469
134823
132490
130473
128861
125959
127929
123703
124849
122411
121169
122834
121512
120685
120088
120312
117468
116834
114808
115397
114677
114320
113344
112041
111875
109898
107647
107836
107298
106802
106383
103857
104707
104609
103205
102381
102750
100965
101234
97334.3
98155.8
98000.4
98498.7
97850.1
95678.2
96054.2
96307.9
95216.1
95467.5
93906.2
93760.9
92711.2
92845.8
90739.6
90765.9
90445.1
90694
89655.4
89316.1
88585.6
88210.5
87898.1
88130.7
86979.6
86981.5
87043.2
85446.9
85461.5
85834.7
84804.3
83441.3
84650.9
83104
81977.8
83419.8
81316.1
81575.2
82141.8
82171.3
80677.5
80272.1
80864.8
79767.8
79747.2
79015.8
79909.7
79369.3
78854.8
78090.8
78290.7
77758.7
78339.5
77727.9
77025
76149.5
76556
75801.3
75444.1
75608.8
74697.3
75359.1
74628.9
75285.5
74718
74163.9
73965.8
73079.2
72034.4
72636
73291.4
71579
72301.2
72363.4
71926.6
71712.7
71667.8
70935.5
70621.1
70700.5
70958.4
70412.9
70293.2
69947.8
70091.5
70000.1
69685.7
69139.1
67758.4
68375.5
68449.9
68838.9
68587
67943.4
68182.5
68118.4
66747.5
67232.2
67416
67223.9
67126.4
67207.5
66657
67001.4
66129.5
66638.7
66312
65784.9
65538.5
65889.9
65909.8
65480.6
65056.3
64809.6
64756.1
65082.5
64514.9
64386.3
64719.1
64202
64465
64161.2
63967.7
64077.5
63835.5
63277.1
63718.6
64024.3
63469.4
63243.6
63198
62938.5
62500.6
62597.6
62524.9
62777.1
62220.9
62481
62342.8
62304.4
62146.8
62150.5
61977
61711.6
62096.3
61964.8
61499.2
61709.5
61580.5
60977.9
61295.3
61143.8
61036.3
60319.9
60985.7
61044.7
60474.2
60836.7
60729.1
60720.4
60293.1
60436.1
60104.1
60560.6
60042.3
59835.7
59868.7
59667.7
59705.4
59792.8
59798.1
59536.4
59610.5
59547.7
59504.5
58939.6
59339.9
58906.9
59181.7
59021
58780.3
59073.3
59086.3
58856.2
58585
58461.1
58441.6
58520.7
58457.8
58322.7
58277.9
58331.4
58318.9
58113
58046.3
57923.5
57795.7
58091.1
57948.2
57805.3
57600.7
57318.3
57327.8
57163.8
57504.2
57455.2
57163.6
57067.5
57192.5
57012.2
57365
57016.1
57001.4
56845.5
56784.3
56719.4
56658.5
56695.7
56480.8
56428.8
56541.5
56573.2
56420.3
56352
55949.9
56256.6
56151.8
56134.7
56194.9
56270.7
56269.4
55979.5
55678.7
56026.3
55877.4
55502
55787.4
55883.5
55778.4
55752
55796.3
55558.6
55540.5
55607.8
55488.3
55398.9
54946.4
55187.2
54552.7
55113.3
54921.8
55297.9
55361
55095.1
54856.6
55130.4
54762.9
54993.2
54706.9
54662.2
54737.8
54623.4
54915.3
54468.5
54464.1
54287.7
54227.1
54528.1
54320.4
54470.6
54142.6
54184.4
54152.7
54354.7
54301.4
54296.9
54251.9
54135.3
53891.3
54007.3
54183.6
54095.4
53715.8
53779.4
53818.9
53649.8
54165.3
54055.8
53781.2
53834.5
53571.7
53698.3
53694.7
53653.4
53619.9
53397.8
53520.3
53376.3
53396.1
53563.7
53007.9
53069.8
53473.5
53049.8
53246.1
53125.9
52978.8
53074
53075
53171.9
53042
52934.8
53124.5
52743.5
52950
52908.3
52924.3
52868.6
52794
53036.5
52722.7
52880.8
52821.4
52449.9
52728.6
52709.1
52631.5
52234.1
52393.7
52494.2
52098.1
52409.9
52325.5
52498.8
52387.3
52388.5
52314
52310.1
52313.8
52202.6
52029
52257
52242.7
51999.3
52139
52180.1
51825.5
52107.8
51930.2
52068.5
52084.2
51982.8
52153.2
52119.4
51859.2
52015
51779.3
51795.9
51732.9
51941.1
51694.1
51813.9
51834.8
51641.5
51724
51760.4
51757.9
51805.2
51709.6
51677.2
51587.1
51628.9
51699.5
51331
51481.5
51804.9
51565.3
51587.2
51562
51538.8
51683.1
51624.5
51515.2
51478.5
51441.7
51492.5
51413.1
51440.5
51353.9
51331.5
51261.4
51253
51233.3
51390.1
51191.1
51132.5
51137.1
51127.4
51172.3
51132.4
51028.1
51054.2
50936.4
50983.7
51184.3
50907.1
50987.4
51091.6
51005.9
50636.2
50937.9
50727.4
50879.8
50575.7
50723.3
50784.9
50457.1
50646.2
50742.4
50706
50637.3
50631.7
50401.4
50607.4
50725.8
50579.1
50595
50470.3
50657.8
50582.9
50598.8
50504.7
50370.9
50455.1
50497.9
50403.1
50196.9
50494.5
50301
50163.9
50266.4
50144.6
50417.8
50242.4
50310.6
50395.1
50315.3
50085.9
50064.1
50104
50125.7
50127.8
50105.6
49998.6
50050.9
49807.1
50043.3
49814.9
50021.2
49874.7
49906.8
49932
50072.3
49965.4
49889.7
49697.6
49744
49829.3
49698.6
49694.2
49682.2
49651.4
49713.8
49860.2
49783.6
49713.8
49626.6
49687.1
49743.2
49596.3
49657.6
49485.6
49614.1
49526.8
49711.3
49541.5
49535.9
49409.6
49505.5
49529.1
49527.4
49636.4
49558.9
49452.8
49533.1
49546.6
49313.6
49449.3
49520
49425.6
49470.8
49394.8
49408.3
49277.2
49246.8
49339.1
49290.5
49247.9
49293.6
49334.3
49333.1
49126.3
49107.4
49197.5
49121.9
48996.2
49129
49130.7
49118.7
49001.9
49079
49051.4
48961.5
48793.2
48901.8
48903.4
48976
49086.7
48818.9
48905
48896.3
48785.6
48785.1
48830.2
48777.7
48826
48689.2
48708.2
48752.2
48646.8
48881.7
48757.7
48575
48775.3
48690.7
48672.1
48507.1
48712.8
48668.2
48679.7
48540.6
48458.4
48650.4
48457.9
48486.9
48615.3
48345.5
48574.4
48453.7
48494.6
48483.5
48400.5
48410.2
48536.1
48542.1
48472.9
48406.5
48377.2
48272.1
48323
48487.8
48256.4
48341.9
48219.3
48284.8
48194.3
48030.1
48475.8
48294
48281.1
48221.5
48091.7
48228.6
48376
48256.8
48169.4
48055.7
48098.9
48177.7
48128.5
47963
47862.7
48091.3
48177.5
48247.6
48034.1
48166.9
48088.2
48205.2
48072.3
48117.1
48098.4
48090.4
48091.2
48037.7
48045.5
47954
47935.4
47990.6
48043
48050.7
47864.7
47808.1
47985.7
47910.8
48025
48022.7
47939.4
48006.9
47941.3
47858.1
47888.3
47862.1
47863.4
47904
47811.9
47887.8
47728
47852.8
47737.3
47872.7
47792.7
47702.1
47802.8
47912.8
47808.3
47702.4
47840.7
47730.9
47833.3
47630.7
47706.9
47738
47697.4
47646.9
47725.3
47630.5
47558.3
47624.5
47550.5
47596.6
47607.9
47544.8
47715.1
47644
47571.3
47593.9
47592.7
47498.5
47518.5
47622.1
47536.5
47504.6
47527.9
47428.7
47408.1
47521.7
47388.5
47462
47445
47457.9
47439.9
47428.4
47558.4
47437.7
47331.1
47343.1
47484.1
47331.1
47447.6
47445.6
47355.8
47135.2
47261.1
47367.5
47264.3
47246.3
47250
47262.3
47223.8
47194.3
47215.3
47272.2
47218.9
47182
47135.2
