1.04182e+08
1.04651e+08
1.00177e+08
1.0061e+08
9.4312e+07
9.35004e+07
9.20238e+07
8.74576e+07
8.34992e+07
8.34992e+07
7.84419e+07
7.6805e+07
7.47182e+07
7.36953e+07
7.01967e+07
7.00842e+07
6.70318e+07
6.49492e+07
6.21175e+07
6.0552e+07
5.95179e+07
5.61633e+07
5.2018e+07
5.1423e+07
5.12215e+07
5.09177e+07
4.8788e+07
4.47575e+07
4.46341e+07
4.23658e+07
4.01659e+07
4.11383e+07
3.92736e+07
3.69055e+07
3.64055e+07
3.45776e+07
3.31272e+07
3.04257e+07
3.13899e+07
3.05624e+07
2.78459e+07
2.74818e+07
2.71358e+07
2.58452e+07
2.51902e+07
2.3432e+07
2.17491e+07
2.26627e+07
2.19643e+07
2.12096e+07
2.03717e+07
1.98898e+07
1.94554e+07
1.78449e+07
1.82095e+07
1.75443e+07
1.69997e+07
1.65467e+07
1.61917e+07
1.54044e+07
1.52182e+07
1.45932e+07
1.37277e+07
1.3631e+07
1.30469e+07
1.27015e+07
1.18684e+07
1.21782e+07
1.15904e+07
1.11419e+07
1.11596e+07
1.08513e+07
1.05772e+07
1.01487e+07
9.52559e+06
9.66669e+06
9.48956e+06
9.25524e+06
9.08624e+06
8.76039e+06
8.29575e+06
8.2207e+06
7.9081e+06
7.76817e+06
7.34331e+06
7.20062e+06
7.13552e+06
6.91574e+06
6.63134e+06
6.49837e+06
6.27599e+06
6.23694e+06
5.90135e+06
5.83326e+06
5.38792e+06
5.52231e+06
5.26995e+06
5.04092e+06
4.84365e+06
4.94722e+06
4.78046e+06
4.50638e+06
4.35862e+06
4.24478e+06
4.11849e+06
4.15236e+06
3.99626e+06
3.94132e+06
3.91014e+06
3.5449e+06
3.51296e+06
3.5951e+06
3.28809e+06
3.37177e+06
3.37286e+06
3.1328e+06
3.11838e+06
3.05021e+06
2.97483e+06
2.84809e+06
2.778e+06
2.66458e+06
2.73896e+06
2.58335e+06
2.56171e+06
2.45459e+06
2.41301e+06
2.33181e+06
2.25373e+06
2.1992e+06
2.16813e+06
2.13811e+06
1.98501e+06
1.99849e+06
1.92948e+06
1.84334e+06
1.83629e+06
1.81967e+06
1.76457e+06
1.68148e+06
1.70275e+06
1.62102e+06
1.59891e+06
1.57178e+06
1.54999e+06
1.48127e+06
1.44727e+06
1.42555e+06
1.4178e+06
1.38882e+06
1.25932e+06
1.31023e+06
1.25225e+06
1.25076e+06
1.2215e+06
1.19303e+06
1.15482e+06
1.09328e+06
1.08648e+06
1.08689e+06
1.0746e+06
1.04392e+06
972973
994208
971469
947878
925264
915660
897703
892284
860605
813666
805981
797041
787986
772733
760812
744063
740381
737557
687186
686872
670518
663726
646286
645928
609762
609189
594713
599649
578827
574303
537555
521375
521989
519449
518790
499263
480042
476435
480846
473856
448312
452618
447112
425288
422446
416738
402788
402014
403394
395501
374463
373869
369047
368432
359685
356333
343579
343211
337466
329731
322651
323446
319613
310653
304513
296911
288510
293793
290185
281608
278224
268369
268792
259878
257946
253014
249796
251265
245967
242176
235641
234795
231317
228836
228105
223485
217530
214841
213625
209014
208251
202229
198305
196002
195499
189287
193217
187957
186646
186227
179078
177764
177493
174651
174896
168983
166862
162243
163896
163178
159232
158950
156629
157680
155684
155742
149470
148529
144082
145455
143799
140163
141257
139912
135772
138441
136486
133181
135409
132198
128800
128785
127980
125285
122675
119510
124403
122150
121509
120595
120898
119249
117208
118159
116661
115678
115202
114437
114360
112946
111711
109769
109818
108222
108218
107046
105881
105750
104759
104936
102321
102754
102130
100693
101518
100424
99777.2
99388.1
99051.8
97822.1
96953.9
97730.8
97699.5
95259.1
95060.6
94253.7
94303.6
94241.4
93611.7
92976.7
91466.9
91244.6
91655.7
91771.9
90299
89553
88106
88674.6
88484.1
87713.8
87378.6
86718.8
87578.1
85219.9
85640
85052.4
84630.4
85380.7
84911.8
84341.8
84348.4
83256.2
83113.8
81899.9
81852.1
82448.6
81768.2
81793.8
81422.1
81334.3
80654.5
80954.2
80039.4
80319.4
78808.9
79013.3
78873.2
78535.7
79005.6
78531.4
77954.6
77473.2
77400.6
77034.4
77064.1
76530
76286.9
75954
75925.9
75441.3
74897
75113.4
74489.7
74921.6
74346.6
74139.8
74057
74102.6
73552.5
73446.3
73384.6
73543.2
73280.7
72777.3
72885.7
72277.6
72169.7
72143.8
72332.6
71945
71199.1
70557.3
71572.4
70923.6
70575.5
70186.9
70237
70063.8
69886.2
69939.5
69935
69630.6
69381.9
69103.1
68636.1
69152.2
68878.8
68954.9
67855
68342.9
68193.6
68131
67502.8
67852.6
67236.6
67591.7
66815.2
66858.5
67003.2
66734.8
66895.8
66665.2
66101.9
66619.4
66579.1
65687.3
65980.9
65971.3
65476.6
65642
65769.7
65301.2
64741.8
64897.2
64936.8
64981.3
65007.4
64955.6
64730.8
64532.8
64506.4
64263.9
64464.2
63854.6
63789.5
62986.1
63679.6
63946.3
63697.2
63254.2
63332.4
63020.1
62883
63137.1
62923.6
62955.1
62886
62841.6
63011.1
62163.4
62678
62306.4
62195.8
61832.3
62402.8
62079
62118.3
61958.1
61615.7
61915.5
61849.3
61304.8
61422.8
61643.5
61510.7
61038.9
61535.3
61303.4
61167
60908.7
60657.8
60256.7
60881.4
60545.6
60677.5
60444.7
60556.9
60309.9
60012.9
60295.8
60219.5
59727.5
59987.6
60003.8
59612.3
59722
59854.3
59767.3
59726.2
59688.4
59721.8
59516.6
59343.5
59610.7
59650.7
59495.6
59438.4
59264.8
59114.4
58780.9
59299.5
59114.3
58705.9
59011.1
58968.4
58668.8
58856
58505.4
58902.9
58696.8
58766.1
58489.6
58387.6
58487.6
58342.2
58370.3
58339.3
58155.4
57404.7
58117
57926.7
57706.1
57881.8
57921.1
58212.4
57916.2
57852.2
57623.2
57567.1
57394.2
57695.6
57645.8
57179.3
57336.8
57278.3
57328.3
57543.4
57326.7
57404.6
57148.2
57217.7
56891.8
57046.6
57180
56752
56910.6
56703
56630.7
56915.2
56865.5
56458.9
56429.9
56601.5
56366.9
56375.8
56572.2
56279.3
56270.7
56208.3
56272.4
55971.3
56316.4
56217.4
56112.7
56189.2
56046.9
56143
55911.3
55888.9
55939.3
55749.4
55855.2
55487.3
55717.1
55267.3
55683.6
55594.2
55699
55462
55561.5
55270.5
55498.3
55469.1
55266.1
55219.1
55115.1
55109.3
55197
55035.5
55217.9
55197.2
55122.3
55157.9
54953.5
54994.6
54815.5
54862
54788
54938.6
54957.2
54838.7
54536
54641.5
54499.8
54591.3
54629.5
54609.8
54776.7
54584
54504.4
54352.6
54477.2
54340.7
54329.7
54455.7
54107.8
54286.9
54337.4
54472.3
54283.1
54329.4
54249
54287.8
53990.7
54181.7
53791.8
53822.8
54110.8
54071.2
54020.7
53795.1
53758.2
53837.9
53878.5
53893
53788.1
53924.3
53653.2
53792.5
53888.1
53789.3
53652.2
53553.4
53583.5
53509.8
53625.3
53378.8
53586.5
53561.7
53463.7
53539.5
53377.7
53379.1
53241.3
53566.1
53404.9
53185.7
53172.9
53379.9
53221.3
53130.6
53374.8
53199
53096.4
53044.6
53265.6
53072.1
53156.4
53115.6
53135.2
53043.3
52972.9
53117.1
53011.6
52963.4
53023.2
53050.4
52977.3
52965.9
53042.7
52954.8
52982.4
52819.5
52686.3
52627.5
52752.5
52847.7
52918.4
52893.2
52677
52832.5
52758.6
52894.3
52564.6
52597
52729.5
52799.7
52525.9
52355.9
52602.5
52560.8
52553.8
52475.8
52473
52259.6
52085.4
52374.6
52284.5
52410.8
52478.1
52352.1
52343.3
52173.6
52368.7
52389.9
52078.6
52204
52045.8
52251.3
52139.5
52131.7
52036.3
52317.8
51881.1
52311.9
52059
51963.8
51949.2
52006.7
52029.2
51918.8
51917.8
52029
52061.7
52066.9
51811.5
52012.7
51985.3
52022.5
51856.4
52071.1
51876.5
51948.6
51838.2
52034.3
51721
51750.5
51815.2
51771.7
51636.5
51556.1
51680.7
51588.2
51654.8
51545.1
51553.7
51697.7
51705.6
51777.3
51629.8
51498.9
51563
51670
51521.2
51559.2
51485
51625.6
51466.8
51586.4
51532.8
51541.7
51320
51400.1
51555.4
51439.7
51171.8
51280
51440.2
51164.4
51229.8
51381.8
51481.5
51361.1
51362.1
51414.2
51160.9
51280.3
51370.2
51227.7
51244.8
51193.5
51081.5
51321.7
51278.8
51206.5
51170.8
51242.1
51197
51080
51044.4
51166.6
50947.8
51093.6
51086.5
51088.1
50795.1
50918.4
51053.3
50840.4
51002.6
50877.1
50938.6
50940.2
51130.7
50888.2
50625.6
50954.6
50978.6
50738.1
50812.6
50986.1
50754.2
50772.7
50689.2
50682.8
50532.4
50593.9
50680.3
50712
50699.3
50677.7
50558.3
50721.1
50644.8
50542.4
50581.6
50375.8
50508.3
50433.9
50511.1
50584.9
50386.2
50503.2
50466.2
50548.9
50372.1
50556.6
50342.7
50339.9
50404.5
50233.2
50282
49948.4
50178.4
50456.4
50186.2
50097.3
50278.7
50455.6
50283.2
50207
50210.5
50296.3
50336.4
50046
50278.9
50201.1
50325.8
50130.2
50179.6
50285.9
50191.2
50287.1
50282.3
50147.5
50110.1
50185
50248.3
50130.9
50238.9
50208.8
50205.6
50082
50055.3
49900.7
49894.5
50092.5
50163.8
50068.7
49930.2
50098.5
49945.8
50145.1
50008
49830.5
50026.5
49924.5
50003.6
49836
50007
49924.6
50023.1
49842.4
49848.6
49996.8
49995.3
49790.1
49806.1
49818.8
49959.9
49794.8
49720.3
49833.9
49844.6
49805.9
49830.5
49788.6
49779.3
49923.3
49881.7
49803.8
49836.1
49813.4
49734.7
49733.4
49658.7
49608
49803.1
49696.3
49695.1
49575
49682.2
49508.4
49487.3
49659.9
49450.9
49719.6
49727.5
49588.9
49572.6
49625.6
49568.8
49517.4
49615.1
49519
49496.9
49518.9
49482.3
49405.1
49399.6
49605.2
49233.3
49409.5
49429.6
49283.4
49403.7
49407.1
49356.4
49391.9
49347.6
49378.2
49269.2
49353.2
49348.8
49174.3
49414.1
49379.2
49359.8
49167.3
49267.2
49233.1
49239.9
49278.5
49071.8
49165.5
49223.2
49095.7
49235.6
49010.8
49070.2
49117.4
49093.9
49121.1
49034.5
49233.5
48889.2
49019
49186.5
49066.5
49083.5
49063.9
49066.9
49077.2
48889.2
