1.08303e+08
1.05627e+08
1.00869e+08
1.01239e+08
9.56603e+07
9.34275e+07
8.96045e+07
8.8449e+07
8.66819e+07
8.1137e+07
8.12063e+07
7.88296e+07
7.74527e+07
7.34419e+07
6.84355e+07
6.56396e+07
6.69432e+07
6.54892e+07
6.16591e+07
5.91478e+07
5.7672e+07
5.63222e+07
5.23534e+07
5.15261e+07
5.09482e+07
4.32991e+07
4.47157e+07
4.599e+07
4.4483e+07
4.18917e+07
4.18061e+07
3.75519e+07
3.64151e+07
3.77502e+07
3.5503e+07
3.47483e+07
3.32089e+07
3.17677e+07
3.13551e+07
3.08524e+07
2.99819e+07
2.91539e+07
2.80972e+07
2.70107e+07
2.51399e+07
2.38798e+07
2.39194e+07
2.18544e+07
2.18717e+07
2.11494e+07
2.09795e+07
2.05131e+07
1.96404e+07
1.89559e+07
1.8322e+07
1.79303e+07
1.68248e+07
1.68083e+07
1.57532e+07
1.50723e+07
1.53058e+07
1.44902e+07
1.44303e+07
1.38664e+07
1.29047e+07
1.29573e+07
1.23915e+07
1.2291e+07
1.2047e+07
1.15031e+07
1.10678e+07
1.08388e+07
1.01686e+07
1.04482e+07
1.03106e+07
9.6942e+06
9.5119e+06
9.1954e+06
9.00195e+06
8.77517e+06
8.46567e+06
8.27529e+06
7.98204e+06
7.73512e+06
7.55139e+06
7.3128e+06
6.8191e+06
6.6874e+06
6.71893e+06
6.51513e+06
5.92828e+06
5.96585e+06
5.92613e+06
5.54073e+06
5.48293e+06
5.40577e+06
5.14229e+06
5.07468e+06
5.04269e+06
4.84538e+06
4.63867e+06
4.57318e+06
4.33326e+06
4.18074e+06
4.15295e+06
4.02198e+06
3.90666e+06
3.73671e+06
3.8558e+06
3.69275e+06
3.58488e+06
3.45519e+06
3.41705e+06
3.24565e+06
3.17994e+06
3.08008e+06
3.00615e+06
2.87448e+06
2.81166e+06
2.73687e+06
2.69709e+06
2.50862e+06
2.4408e+06
2.43971e+06
2.31402e+06
2.2943e+06
2.22036e+06
2.20417e+06
2.16792e+06
2.11953e+06
2.03573e+06
1.99524e+06
1.93232e+06
1.91699e+06
1.83566e+06
1.83995e+06
1.75185e+06
1.69794e+06
1.68657e+06
1.61968e+06
1.57512e+06
1.52193e+06
1.50677e+06
1.46728e+06
1.41941e+06
1.41519e+06
1.3701e+06
1.35998e+06
1.30393e+06
1.27974e+06
1.25375e+06
1.24035e+06
1.21722e+06
1.16218e+06
1.15702e+06
1.11874e+06
1.10808e+06
1.05513e+06
1.01676e+06
1.01507e+06
1.02036e+06
975531
974987
952256
930606
904854
878851
882248
863444
840649
829286
811170
795280
780137
748298
729495
713552
725547
704941
680020
683697
648832
647530
640300
614361
613594
595799
585193
567075
565000
543566
547048
535199
508014
519535
513932
510101
481086
481720
463481
455978
460374
449785
439082
422645
425180
428258
417577
408545
397774
390746
386877
379030
368099
371875
368874
358864
348099
348802
344123
327763
331167
325876
316681
309331
313362
312391
303300
302076
293744
284189
285292
280660
267886
267891
264937
261927
259795
260783
253262
245507
245740
240361
238567
234666
232017
224468
223543
222410
212269
213110
208830
206624
209692
205649
202912
193514
200006
194257
192485
189019
185620
183610
178180
180461
176049
174058
174286
171233
168607
166531
164292
163969
160949
160000
156593
156262
153813
150583
146061
150796
147206
146368
146577
144136
141553
140836
139353
138465
134619
133869
134110
132057
131722
131083
128513
128049
125735
127559
124172
123640
122640
121997
121493
119226
120166
119865
117116
115715
114135
115523
114295
113560
110925
111395
110980
108732
109964
109047
109102
107825
105964
105459
104030
104405
104027
103531
102381
100548
101901
101107
100652
98560.4
98431.9
98423.2
97622.2
96881.7
97685
97467.5
96368.6
94124
94928.5
92513.4
92186
92558
92592.1
93118.5
90844.4
92175
90229.9
89956.5
89805.2
90844
89132.7
88852.8
89160.8
88254.4
88163.1
88121.4
87539.5
86772.1
86445.5
85619.3
85713.7
85256.2
84710
84423.1
84810.8
83737.1
83428.8
83358.8
83746.8
83170.5
83001.6
82458.5
81475.3
82185.3
81596.7
81372.3
81105.6
81044.3
79717.7
79398.7
79753
79964.2
79977.1
78704.1
78232.7
78285
79072.5
78662.9
78128.5
78318.8
77835.6
77462.4
77670.5
76978.3
77333.3
76382.5
76498.1
76752.6
75817.7
75638.5
75514.2
75853.2
75164.7
74485.1
74537
74738.1
74707.6
73956.3
74032.5
74317.7
73859.6
73960.5
72885.7
73120.1
72503.9
72920.3
72707
72406.1
72658
71492.1
71661
71266.5
71129.8
71199.8
71281.9
70824.7
70674.4
70320.9
70480.7
70493.7
70006.6
70018.8
69846.8
69568.7
69385.8
69202.1
69308.6
69507.5
68914.5
68078.7
68762.7
68751.5
68941.4
68529.4
68476.7
68165
67696.6
67992.4
66799.9
67641
67269.1
67446.2
67123
66955.4
67089.4
66624.3
66890.5
66580.5
66644.3
66162.5
66398.8
66387.4
66459.2
65808.7
66163.9
65526.1
66004.8
65895.7
65514.2
65399.1
65222.2
65122.5
65252.1
65095.9
65055.1
65035.4
64659.3
64345.2
64738.5
64417
64255.7
64087.3
64249.7
64365.7
64183.3
64362.7
63507.1
63734.4
63684.5
63824.4
63745.7
63371.9
63439.2
63684.8
63795.4
63380.3
63256.8
63187.2
63244.7
63135.4
63240.4
63280.7
62958.4
63067.8
62614.5
62850.6
62668.8
62812.4
62744
62517
62336.9
62497.4
62397.9
61806
62420.5
61964.5
62308.3
62242.8
62225.4
62242.2
62181.2
61965.7
61901.4
61495
61638.9
61590.9
61874.1
61803.3
61568
61486.7
61495.9
61035.9
61249.6
61288.8
61185.1
60982.8
60958.7
60998.9
60770.4
60949.3
60590.9
60977.2
61119.4
60671.6
60718.7
60593.5
59965.6
60785.3
60567.8
60600.4
60444.6
60444.3
60521.6
60549.9
60410.5
60422.6
60162.9
60168.1
59779.9
60022.4
60009.3
59705.5
59984
59890.6
60019.3
59663.5
59516.1
59662.7
59744
59516.8
59574.4
59637.9
59187.6
59227.2
59175.6
59081.2
59253.1
59255.5
59130.2
59151.8
59049.5
59002.3
59049.6
58940
58789
58907.9
58942.2
58881.8
58776.9
58852.3
58972.3
58739.9
58657.4
58615.6
58570.8
58569.9
58672.6
58522.2
58774.2
58407.9
58564.7
58387.2
58288.3
58352.5
58396
58346.3
58444.8
58271.2
58268.2
57877.3
58007
58076.4
57831.6
57954.7
57923.2
57951.9
57864.1
57921.9
57712.1
57895.1
57646.8
57522.6
57628.6
57846.9
57617.3
57635
57512
57491
57577.9
57554.7
57697.5
57497.4
57349.4
57255.6
57495.8
57338.9
57678.1
57463.1
57132.1
57215.6
57006.3
56950.3
56954.4
57298.2
56866.2
57047.3
57116.5
57010.2
57195
57012
56947.1
56773.1
56901.1
56723.1
56734.7
56649.2
56832.7
56539
56497.8
56694.3
56597.6
56518
56608.4
56495.3
56377.3
56684.7
56310.5
56429.2
56444.4
56235.8
56495.1
56416.5
56369.4
56218.4
56284.8
56530.6
56372.6
56331.2
56268.5
56219.9
56195.9
56217.4
56166.6
56020.1
56026.1
55976.9
56064
56202.1
56198.8
56222.7
56075.6
55984.4
56026
56124.2
55976.6
55980.3
55879.3
55780.1
55913.9
55621.9
55735
55722.4
55740.6
55787.8
55710.2
55729.4
55669.2
55567.8
55567.8
55498.3
55109.5
55588.5
55686.2
55652.2
55247.8
55237.9
55330.3
55492.9
55514.5
55388.8
55348.3
55267
55202.5
55230.5
55219.2
55256.7
55041.5
55241.8
55325.3
55114.9
55163.4
55100.2
54929.7
55202.2
54857.5
54970
54867.6
54945.5
54878.3
54853.7
54996.2
55047.1
54973.4
54903.9
54914.9
54850
54828.4
54931.8
54591
54776.1
54711.3
54688
54794.7
54518.8
54479.7
54800.2
54684.6
54347.7
54511.2
54577.8
54671.4
54403.1
54502.2
54278.6
54441.6
54683.1
54461.8
54479.9
54472.8
54436.6
54345.4
54113
54468.6
54195.7
54327
54138.5
54150.2
54306.8
54168
54254.1
54181.9
54344.4
54098.6
53890.8
54233.8
54106.8
54119.6
54138.5
53959.7
53975.8
54188.2
53924.4
53769.1
53960
54085.4
53900.5
54000.9
54035.4
54053.9
53982.4
53651.5
53721.4
53769.2
53625.9
53812.5
53890.7
53860.6
53795.9
53838.5
53512.4
53779
53848.2
53777.9
53806.5
53802.1
53773.8
53803.2
53706.1
53662.4
53622
53568.9
53357.4
53494.4
53720.6
53677
53398
53617.2
53484.9
53604.6
53612.9
53583.5
53427.4
53573.4
53276.4
53198.4
53355.9
53499.6
53262.2
53260.6
53528.3
53327.7
53161
53283.6
53187.8
53250.3
53123.3
52732.8
53066.5
53342.6
53112.9
53235.2
53098.7
53164.6
53085.9
53192.7
53090.3
53113
53223.1
53056.7
53064
53042.9
53130
53068
53015.8
52941.9
53074
52824.5
52877.7
53076
52877.5
52737.2
52877.7
52817.4
52964.1
52730.1
52906.4
52759.3
52804
52741.4
52883.3
52782
52712.3
52802.1
52709.5
52662.7
52691.5
52728.1
52675.4
52664.4
52503.8
52731
52652.3
52601
52500.9
52587.3
52521
52454
52455
52511.5
52489.9
52573
52482.6
52524.9
52335.2
52100
52294.1
52271.4
52440.4
52380.3
52277.7
52256
52361
52406.3
52370.4
52301.2
52357.4
52025.5
52248.6
51987.7
52230.2
52210.2
52218
52012.2
52231.3
52172.3
52321.5
52143
52052.4
52063.2
52131.6
51973
51994.6
52069
52063.8
52025.6
52157.1
51990.8
51920.7
51947.2
51940.3
52069.4
51900.1
51887.9
51952.4
51986.8
51789.6
51978.2
51993.7
51829
51908.1
51917.1
51721.8
51812.2
51656.2
51930.6
51767.6
51939.8
51898.4
51596.4
51830.5
51902.8
51710.1
51785.4
51774.3
51719.1
51655.5
51842.6
51824.7
51727.7
51737.5
51659.3
51611.7
51368.5
51706
51598.9
51519.1
51575.9
51418.6
51594
51541.9
51548.8
51534.3
51593.4
51237.1
51515.5
51249.7
51457.1
51583.6
51639.2
51442.3
51464.7
51262.1
51290.2
51395
51500.4
51330
51360.8
51341.7
51411.4
51416.6
51267.2
51299.9
51150.3
51416.1
51327.2
51216.6
51335.4
51306.7
51188.9
51400.6
51074.9
51203.9
51092.2
51322.5
51325.5
51321.6
51254.1
51048.8
51071.6
51104.6
51224.9
51096
51048.8
