1.08019e+08
1.03081e+08
1.02433e+08
1.02062e+08
9.66937e+07
9.57026e+07
9.24356e+07
8.68632e+07
8.66988e+07
8.43174e+07
7.99345e+07
7.9808e+07
7.01637e+07
7.28416e+07
7.07933e+07
6.85768e+07
6.7342e+07
6.5618e+07
6.18413e+07
6.1595e+07
5.93511e+07
5.63105e+07
5.63378e+07
5.21216e+07
4.82293e+07
4.75451e+07
4.66903e+07
4.48825e+07
4.44518e+07
4.25035e+07
4.14054e+07
3.92903e+07
3.92909e+07
3.74153e+07
3.70299e+07
3.33541e+07
3.29858e+07
3.33905e+07
3.19206e+07
3.15115e+07
2.95072e+07
2.90914e+07
2.77925e+07
2.63218e+07
2.53649e+07
2.42115e+07
2.35875e+07
2.26274e+07
2.23861e+07
2.15878e+07
2.12987e+07
2.01583e+07
1.9694e+07
1.88143e+07
1.85144e+07
1.80535e+07
1.72441e+07
1.69555e+07
1.64335e+07
1.56653e+07
1.5181e+07
1.47064e+07
1.45226e+07
1.37889e+07
1.35391e+07
1.30351e+07
1.29508e+07
1.25067e+07
1.18785e+07
1.10089e+07
1.13334e+07
1.06657e+07
1.0806e+07
1.01043e+07
1.0071e+07
9.62242e+06
9.41666e+06
9.19257e+06
9.04709e+06
8.88092e+06
8.48345e+06
8.34955e+06
8.06222e+06
7.63816e+06
7.44463e+06
7.35161e+06
7.11822e+06
6.78365e+06
6.60372e+06
6.60642e+06
6.19036e+06
6.03257e+06
5.95035e+06
5.64586e+06
5.62107e+06
5.52323e+06
5.38358e+06
5.15399e+06
5.08108e+06
4.84173e+06
4.85559e+06
4.78273e+06
4.50793e+06
4.43779e+06
4.24102e+06
4.09334e+06
3.95941e+06
3.93582e+06
3.70922e+06
3.64291e+06
3.64267e+06
3.58757e+06
3.47574e+06
3.31691e+06
3.21971e+06
3.15625e+06
2.97515e+06
3.00038e+06
2.83414e+06
2.80703e+06
2.77671e+06
2.68248e+06
2.48422e+06
2.54825e+06
2.50871e+06
2.39874e+06
2.33321e+06
2.32504e+06
2.25483e+06
2.08537e+06
2.11044e+06
2.06691e+06
2.01143e+06
1.99477e+06
1.84806e+06
1.71692e+06
1.79915e+06
1.76366e+06
1.66384e+06
1.65927e+06
1.6415e+06
1.55615e+06
1.55967e+06
1.49109e+06
1.45258e+06
1.40277e+06
1.43508e+06
1.40044e+06
1.32415e+06
1.30581e+06
1.26479e+06
1.2551e+06
1.21912e+06
1.19015e+06
1.15878e+06
1.13942e+06
1.08276e+06
1.09184e+06
1.07169e+06
1.04035e+06
1.01523e+06
979391
957041
969422
929789
903375
878588
849072
838120
821835
790861
806385
765979
771311
764343
736579
689767
693737
673534
654687
663234
653123
629250
623420
607940
581123
583194
585889
560787
570051
555371
546034
531504
522972
513238
519417
492974
482097
475444
477338
453975
459346
444953
433827
426815
422234
415645
410794
399065
394504
391038
381795
370427
365792
360423
358480
354542
341755
343396
334098
322957
324271
323212
304043
308173
305208
301032
294207
290341
285470
281680
278005
271522
265106
261318
265325
253261
256451
247090
249511
239293
237566
237670
235259
231294
228201
225051
221622
218332
209477
215525
213298
205195
205433
205202
199090
198361
195502
196726
191714
188191
188869
181496
179333
177553
174215
175704
174229
171667
171722
169662
166021
162269
161419
159478
155004
155594
154911
153935
151699
150781
148300
148307
147002
143521
139164
141541
141281
138975
138960
136891
133103
132774
133111
129143
130245
129858
127098
127864
123632
120372
123394
120435
118870
119766
116890
116240
115193
112483
114027
113579
112563
111010
108955
107443
105765
105802
106339
104971
103480
103828
103482
101010
99757.1
100018
98716.8
97618.2
98692
97654.3
96258.3
96808.6
96262.7
95225
93814.9
92450.7
94098.3
92955.8
91971.1
90985.1
89748.6
88945.2
89701.7
90373.8
90111.5
88115.8
87719.1
86745.6
85431.8
87144.6
86553.1
86248.9
85974.1
85287.5
83288.2
83677
83972.6
83268.6
82932.7
82969.3
81654.3
82263.8
81652.7
80568.7
81055.5
79889.4
80130.4
79776
79592.8
79774.5
78662.8
79024
78003.3
77484.9
76641.4
77056
77634.6
77296
76887.3
77489.5
76462.1
75153.6
75307.6
75077
73956.8
74142.3
75174.3
74783
74334.2
73565.9
73126.9
73228.7
73577.5
73063.6
73063.8
73024.4
72996.6
71892.4
71622
71746.9
71502.9
70719.4
70532.6
71208
70734.9
71261.7
70767.2
69975.3
70078
70056.5
69621.1
69274.5
69413.5
68876.5
69346.8
69391.1
69048.6
68995.5
68617.8
68462
68205.3
68087.8
67871.7
67867.6
67262.2
67593.5
66928.3
67560.6
67582.8
67329.4
66679.3
67115
67037.4
66621.4
65826.3
66377.2
66107.9
66179
65392.1
65951.7
65823.6
65540
65171.3
64793.4
65092.6
64828.2
64667.4
64389.6
64265.1
64362.6
64345.8
64253.1
64277.8
63761.9
63491.9
64018.1
63718.1
63429.6
63506.5
63489.4
63060
63191.3
63096.5
62814.5
62567.6
62337.6
62143.5
62071.8
62017.8
62420.3
61938.5
61647.4
61548
61327.4
61688.1
61099.3
61340.1
61046.8
60714.4
60770.4
60747.7
61054
60923.2
60486
60283.5
60464.5
59583.6
59593.1
59966.6
60134.4
59757.4
59596.9
59563.7
59784.9
59674.9
59640.4
59826.9
59086.2
59327.8
59240.6
59224.8
59084.2
58681.2
58928.3
58617.4
58656.1
58453.2
58801.9
58744.9
58794
58782.4
58290.7
58455.6
58223.4
57500
58419.9
58279.9
58197.9
57997.1
57671.1
58259.9
57919.7
57776.7
57674.1
57823.5
57601.3
57837.4
57718.2
57548.6
57401
56888.8
57461.4
56700.5
57432.9
57142.3
57065.9
56915.3
57036.4
57031
56978.3
56718.5
56750
56998
56609.2
56459.8
56426.5
56428.8
56289.3
56452.5
56513.4
55930.5
56188.9
56263.9
56163.1
56285.7
55981.2
55782.2
56243.6
56175.5
55768.7
55998.5
55897.8
55732.3
55610.9
55435.9
55556.1
55697.3
55752.8
55478.9
55565.6
55480
55514
55565.9
55361.1
55251.8
54910.9
55028.4
54876.3
54704.4
55081.3
55097.8
55213.6
54901.2
54811.3
54524.9
54776.9
54731.3
54839.2
54670.1
54670.5
54327.8
54534.7
54180.6
54322
54410.1
54496.5
54442
54066.3
54123.6
53974.3
54213.8
53857.8
54063.1
54003.9
53764.5
53977.9
53962
53847.3
53974.6
53772.7
53861.2
53487.1
53642.7
53213.9
53368
53448.4
53338.7
53248.2
53377.7
53579.3
53527.9
52956.8
53250.5
53094.6
53097.8
53365
53171.6
53195.9
52826.9
52981.2
53162.3
52930.5
52760.7
52884.3
52818.1
52967.4
52911
52727.8
52678.4
52773.1
52661.4
52652
52691.8
52779.3
52722.4
52560.4
52505.8
52556.1
52622.6
52676.3
52728.8
52633
52640.7
52405.6
52607.8
52452.1
52264.5
52398.7
52137
52378.8
52346.4
52270.2
51879.3
51894.1
52111.3
51998.3
51944.5
52168.4
51851.6
52146.1
52087.7
51865.3
51641.3
51867.2
51916.4
51750.7
51850.1
51848.7
51800.2
51935.5
51782.8
51640
51769
51703.4
51586.3
51577.5
51431.3
51370.1
51584.1
51471.4
51454.2
51686.9
51380.9
51390.1
51382.9
51132
51506.3
51358.9
51239.6
51318.2
51298.3
51281.9
51293.5
51260.3
51042.7
51194.4
51354.2
51151.7
51201.2
51054.9
51124.4
51141
50904.6
50836.2
51070.1
50890.1
51184.8
51004.8
51000.6
51063
50944.9
51012.1
51004.4
50865.4
50719.4
50949.5
50815.9
50893.7
50936.5
50734.2
50758.8
50835.8
50816.3
50769.7
50814.9
50738.6
50791.3
50351.4
50656.1
50671.7
50541.7
50606.5
50452.9
50502.7
50649.5
50556.7
50609.7
50584.8
50461.5
50405.2
50481.1
50353.2
50420.3
50439.1
50371.9
50076.3
50250.8
50187.4
50067.6
50324
50224.6
50347.5
49957.8
50245.1
50166.6
50119.6
50038.1
49924.9
49928.4
50062
50041.8
50099.1
50042.4
49959.3
49913.4
49938.4
49895.9
49817.1
49983.1
50019.9
50062.3
50018.8
50013.9
49939
49982.7
49872.5
50049.1
49825.9
49955.8
49842.4
49822.1
49826.7
49890.5
49833
49894.7
49786.5
49759.9
49721
49579.4
49482.7
49591.1
49647.8
49485.5
49634.6
49685.6
49572.5
49625.5
49680.2
49564.8
49604.7
49392.1
49456.8
49239.5
49485.5
49642.4
49445.3
49259.5
49430.6
49364.7
49433.9
49318.3
49451.2
49262.5
49342.9
49222.6
49288.7
49327.8
49303.5
49317.8
49387.3
49262.1
49103.2
49087.5
49126.9
49314.9
49176.7
49098.1
49145
49078.1
49035.6
48955.1
49024.1
49165.1
48886
48942.6
48969.8
48975.4
48912.8
48917.5
48850.2
48825.4
48953.6
48896.4
48654.3
48781.2
48872.9
48800.2
48690.5
48629
48753.3
48865.5
48741.7
48726.6
48723.3
48680.3
48551.9
48753
48614.9
48573.9
48588.4
48658.7
48496.6
48526.7
48458.8
48607.2
48420.8
48571.9
48412.3
48392.5
48399
48363.2
48568
48521
48468.8
48208.7
48424.3
48305.4
48455.5
48427.4
48249.8
48327.1
48184.5
48360.6
48274.7
48261.3
48180
48128.6
47955.2
48340.7
48326.2
48072.5
48177.1
48078.4
48127.8
48133.9
48028.7
48127.1
47949.1
47984.6
48074.1
48001.9
48037.1
47920.7
48023.5
47712.1
47935.2
47915.5
47993.4
47950.5
48055.7
47936.1
47869.2
47837.2
47909.4
47911.8
47902.9
47787.4
47908.7
47811.5
47797.4
47810.9
47806.3
47740.3
47772.2
47872.1
47805.4
47631.2
47795.5
47651.7
47830.4
47708
47574.4
47536.3
47595.2
47751.9
47748.1
47668.9
47560.6
47740.3
47600.4
47606.7
47632.3
47589
47531.5
47571.7
47491.1
47407.2
47487.7
47398.9
47456.5
47439
47438.1
47579.8
47427.7
47556.7
47573.9
47407.1
47488.4
47536.1
47427.2
47484.6
47518.1
47338
47464.6
47408.1
47456.8
47451.8
47481.6
47419.5
47476.8
47358.8
47273.7
47205.5
47388.9
47276.8
47202.1
47271.5
47325.5
47114.4
47166.6
47257.3
47312
47044.8
47149.6
47141.2
47249.3
47179
47093.4
47156.4
47135.6
47068.6
47235.7
47194.6
47209
47195.8
47078.5
47093
47088.6
47167
47318.2
47243.2
47208
47234.5
47225.2
47177.4
47102.6
47061.4
47152.2
47108.5
47047.3
47045.1
47027.8
47125.9
46881.3
47090.6
46693.6
46693.6
