1.08103e+08
9.91824e+07
1.03253e+08
1.00765e+08
9.91571e+07
9.48178e+07
9.01615e+07
8.85441e+07
8.55357e+07
8.3447e+07
7.94865e+07
7.93559e+07
7.36045e+07
7.44264e+07
7.11892e+07
6.78029e+07
6.92226e+07
6.44606e+07
6.34784e+07
6.03603e+07
5.90437e+07
5.66509e+07
5.65087e+07
5.43733e+07
4.94857e+07
4.82903e+07
4.92843e+07
4.65656e+07
4.50246e+07
4.4309e+07
4.19789e+07
3.99525e+07
3.86278e+07
3.73233e+07
3.65182e+07
3.62855e+07
3.25268e+07
3.25768e+07
3.25442e+07
3.1282e+07
2.97216e+07
2.77992e+07
2.75659e+07
2.68228e+07
2.5403e+07
2.38482e+07
2.38644e+07
2.29079e+07
2.27715e+07
2.23313e+07
2.06831e+07
2.10043e+07
2.0133e+07
1.90042e+07
1.89963e+07
1.86088e+07
1.7889e+07
1.72799e+07
1.59564e+07
1.58724e+07
1.5651e+07
1.46156e+07
1.44769e+07
1.42107e+07
1.38737e+07
1.33734e+07
1.23458e+07
1.2927e+07
1.24088e+07
1.22111e+07
1.17766e+07
1.13723e+07
1.08014e+07
1.07964e+07
9.95163e+06
9.50853e+06
9.64965e+06
9.39738e+06
9.40746e+06
8.99939e+06
8.76348e+06
8.48109e+06
8.18044e+06
7.97987e+06
7.74585e+06
7.49225e+06
7.41372e+06
7.13376e+06
7.00031e+06
6.77282e+06
6.61733e+06
6.29866e+06
6.05575e+06
5.59482e+06
6.00779e+06
5.72999e+06
5.49638e+06
5.27723e+06
5.16414e+06
5.02678e+06
4.89253e+06
4.81877e+06
4.70494e+06
4.57011e+06
4.16044e+06
4.1449e+06
4.23634e+06
4.02196e+06
3.98486e+06
3.77461e+06
3.78359e+06
3.52554e+06
3.52099e+06
3.3827e+06
3.32895e+06
3.18238e+06
3.15731e+06
3.02585e+06
3.02004e+06
2.89861e+06
2.75246e+06
2.72572e+06
2.72903e+06
2.67298e+06
2.55852e+06
2.42274e+06
2.407e+06
2.30434e+06
2.25093e+06
2.21489e+06
2.19866e+06
2.1061e+06
2.1206e+06
2.06683e+06
1.99368e+06
1.92344e+06
1.90135e+06
1.83307e+06
1.75538e+06
1.74042e+06
1.70305e+06
1.64878e+06
1.58668e+06
1.54502e+06
1.51103e+06
1.49643e+06
1.51827e+06
1.47464e+06
1.43478e+06
1.39993e+06
1.38801e+06
1.34463e+06
1.30832e+06
1.29335e+06
1.20423e+06
1.21351e+06
1.19128e+06
1.15183e+06
1.11277e+06
1.12133e+06
1.0885e+06
1.06727e+06
1.02598e+06
1.01226e+06
1.00515e+06
969178
932357
913707
891306
903438
869445
866340
841941
833079
821663
806786
786248
744761
751275
744423
709352
708928
695260
674785
651177
654852
634647
625800
622776
610301
590053
591631
577612
570092
565518
549839
543176
528453
518827
511952
511402
504981
494178
480348
473185
470846
452376
449338
443462
437023
423189
418099
410730
410460
392028
381003
384361
380838
376673
377822
369396
355412
355530
351875
346531
340393
327724
325321
319437
313500
309042
309128
306811
299077
300561
290755
283152
283981
274787
272252
273669
265054
258536
257183
259430
254212
239166
245584
234686
238887
234526
235274
229860
226257
220656
221489
217728
210311
212026
207355
205965
202279
202748
200709
196911
187881
191920
190366
187010
180159
178719
182405
179098
174045
177076
173653
173108
169838
169214
164569
161072
160314
158518
154942
155693
155713
153141
151307
148127
148990
148865
146269
144500
143704
139438
138607
140370
138513
138388
135543
136205
130057
129867
127930
128728
128213
126523
127250
123339
121788
123480
119668
118933
118329
118577
117193
117514
114691
112365
114777
112988
111587
111836
110137
109642
109001
109279
108043
106869
105960
105905
105501
104263
104326
100567
100204
100660
100280
100200
99811.3
99029.5
97653.4
97863.5
96373.7
96320.4
95589.5
96009.4
95034.1
95093.6
93517
93712.9
93233.5
93149.2
89971
90734.4
91376.4
91268.5
90551
89762.4
89919.2
89450.2
88922
88437.6
87488.4
87000.4
88003.9
87372.6
85417.6
86264.9
85630.1
85504.5
84400.4
84187.7
84321.7
84108.8
84724.6
83790
82603.9
83061.4
82457.1
82458.8
81707.7
81824.1
79505.3
80515.2
80773
79827.1
80607.3
80115.1
79711
79336.9
79164
79349.9
78592.5
77408.7
78241.6
78120.9
77274.8
77262.7
76836.9
76034.7
76117.2
76573.4
76087.1
75692.8
75971.7
75424.9
75443.5
75067.3
74648.4
74721.8
74136.6
74124.7
73916.6
74156.8
73304.3
73293.6
73235.9
73365.9
73071.5
72848.6
72267.1
72453.1
71670
72301.8
70881.5
71197.8
71058.2
71691.4
71496.3
71051.9
71011.7
70275.6
70521.5
70145.1
70080.6
70503.3
69695.6
69358.9
69884.3
69635.5
69822.8
69364.2
68727.6
69413.8
68834.7
68075.1
68531.8
68422.9
68022.5
68179.3
68156.4
67694.2
67578.1
67628.4
67309.5
66813.3
67303.5
67018.7
66778.5
66928.7
66583.3
66674.3
66643
66512.4
65964.5
65805.6
66155.9
66146.8
66262
65242
65638.5
65118.6
64865.9
64904.7
64956.6
64926.3
64754.6
64942.6
64809.4
64279.6
64293.6
64417.5
64581.7
64603.6
64237.9
63961.2
63650.9
63815.8
63809
63408.2
63208.1
63770
62782.7
63447
63042.5
63189.2
63030.3
62452.1
62954.1
62929.2
62193.2
62868.4
62334.4
62424
62338
62031.5
62404.5
62079.7
62076.7
62044.1
61780.4
61842.7
61815.7
61722
61432.6
61328.2
61467
61435.1
61426.8
61174
60395.8
60975.6
60867.9
60674.3
60700.6
60581.4
60372.1
60572.1
60446.3
60431.6
60326.9
60284.6
60001.8
60042
60044.8
59990.9
60082.3
59609.8
59434.5
59566.1
59704.2
59489
59756.1
59623.3
59496.4
59088.7
59199.8
59389
59350.2
59277.8
59439.3
59215.5
59130.7
59249.9
58993.4
59016.2
58834.5
58785.7
58539.8
58307.1
58609.2
58222.7
58699.8
58352.4
58482.7
58298.9
58141.2
58142.4
58284.6
57997.4
58124.8
57682.9
57845.6
57491.5
57889.9
58010.6
57421.6
57594.2
57522.6
57264.7
57369.2
57550.8
57479.6
57172.9
57494.4
57025.6
57483
57468.2
57007.1
57255.4
57263.9
57122.9
57188.5
56908.4
56855.7
57121.1
57014.9
57231.1
56958.5
56925.4
57011.3
56789.3
56737
56546.9
56742.5
56416.9
56785.6
56507
56465
56419.2
56630.7
56514.8
56372.3
56061.2
56181.2
56147.8
56183.5
56332.3
56397.9
55839.6
56106.1
56139.1
56163.8
55962
56200.9
56012.1
55856.2
55905.5
55874.2
56037.3
55743.2
55404.9
55782.9
55394.2
55883.9
55807.3
55470.3
55440.9
55413.7
55425.7
55329.1
55247.4
55510.5
55412.4
55203.9
55295.9
55324.2
55190.8
55322.2
54931.8
54807.3
54767
54897.9
55115.9
54867
54835.4
54694
54933.2
54942.8
54835.6
54923.3
54920.8
54887.9
54779
54710.1
54919
54800.5
54767.7
54717.6
54636.9
54652.5
54575.7
54609.9
54561.7
54485
54561.7
54566.7
54267
54379.1
54417.7
54452.1
54409.7
54436.2
54133.9
54268.3
54316.1
54332.9
54337.1
54177.1
54022.9
54145.9
54233.1
54014.5
54175.9
54117.7
53941.8
53921.7
54164
53957.7
53969.8
54176.2
54053.7
53954.2
53821.4
53740.8
53961.4
53869.7
53731.9
53748.3
53426.5
53611
53651.1
53473.5
53628.3
53714.1
53530.4
53635.5
53643.7
53595
53483
53558.4
53361.6
53446.5
53477.1
53312.6
53427.1
53148.1
53280.3
53414.9
53211.1
53253.2
53268.1
53171.6
53233.3
53246.5
53101
53291
52742.8
53063.6
53106.3
52861.7
52915.9
53034.1
52803.3
52870.5
52899.1
53025.8
52882.6
52638.3
52930.7
52743.8
52935.1
52702.2
52825.5
52704.3
52604.2
52739.4
52765.1
52537.6
52541.8
52733.1
52709.9
52459.2
52665.6
52639.1
52536.4
52623.6
52586.5
52405.9
52500.2
52377
52527.8
52536
52224.3
52389.8
52312.5
52368.6
52426
52374.4
52197.1
52036
52292.8
52185.9
52077.2
52159.7
52259.8
51991
52205.8
52028.5
52339.2
52159
52179.6
52135
51959.6
52125.2
52089
52036.9
52049.6
52054.3
51678.5
51804.1
52056.3
51890.6
51959.4
51897.3
51865.4
51680.5
51799.3
51702.5
51802.6
51648.3
51778.4
51759.6
51584.8
51603.9
51568.8
51702.5
51543.2
51378.7
51519.5
51694.9
51615.7
51581.5
51572.5
51408.1
51204.9
51314
51535.1
51085.1
51264.7
51450.7
51368.3
51178.1
51194.6
51204.9
51013.2
51237.5
51239.4
51004
51194.2
51169.3
51329.7
51294.9
51146.4
51063
51062.3
51105.7
50903
51159.6
51136.6
51001.1
50907.4
50837.4
50676.1
50953.4
50953.3
50937.8
50842.3
50937.1
50882.7
50775.3
50687.4
50935
50770.1
50662.2
50625
50802.9
50758.7
50699
50730.7
50487.2
50788.3
50484.2
50602.3
50573.1
50616.5
50478.7
50530.5
50460.2
50394.1
50571.7
50588
50518.8
50563.2
50404.1
50285
50115.2
50394.5
50411.7
50369
50268.8
50455.6
50323.9
50325.7
50145.6
50128
50462
50301.9
50426.8
50364.4
50284.3
50301.1
50330.7
50289.8
50359.1
50351.9
50198.6
50372.9
50152.1
50299.1
50200.8
50246.4
50227.3
50064.4
50066.5
50161.1
50073.7
50120
50071.4
50046.7
50128.6
50011
50081.5
50091
49855.4
49903.7
49998.7
49973.6
49976.2
50055.1
50085.8
49996.2
50001.8
49998.8
49974.9
50029.4
49811.1
49832.1
50094
50005.9
49875.9
49692.6
49939
49864.8
49871.8
49823.5
49823.4
49786.8
49623.2
49693.9
49708.2
49866.2
49723.2
49750.1
49797.6
49711.9
49745
49751.2
49773.5
49508.4
49487.1
49684.3
49681.8
49605.3
49436.6
49548.1
49595.4
49615.6
49505.7
49607.4
49352.6
49529.9
49546
49386.1
49553.1
49590
49467.1
49585.5
49333.2
49436.5
49471.2
49489.1
49353.5
49308.5
49429.3
49482.1
49373.4
49457
49404
49342.7
49363.3
49424.5
49150.5
49393.2
49060.3
49242
49080.6
49321.2
49119.3
49222.4
49291
49171.9
49146.6
49345.1
49241.7
49194.4
49131.8
49168
49061.9
49035.1
49168.7
49013.5
49138.8
49250.9
49135.9
49110
49143.5
49108.9
49053.2
49065.4
48950
49117.7
49115
48989.4
48950
